var panda = {
    "asset": {
      "generator": "tmx:FBX2GLTF",
      "premultipliedAlpha": true,
      "profile": {
        "api": "WebGL",
        "version": "1.0.2"
      },
      "version": "1.0"
    },
    "scene": "test",
    "scenes": {
      "test": {
        "nodes": [
          "RootNode"
        ]
      }
    },
    "nodes": {
      "RootNode": {
        "name": "RootNode",
        "children": [
          "body",
          "RootBone",
          "Camera001"
        ]
      },
      "body": {
        "name": "body",
        "matrix": [
          1,
          0,
          0,
          0,
          0,
          -0.00000017484555292490515,
          -0.9999999999999847,
          0,
          0,
          0.9999999999999847,
          -0.00000017484555292490515,
          0,
          0,
          0,
          0,
          1
        ],
        "skin": "skin_body",
        "meshes": [
          "mesh_TM_cat_2",
          "mesh_shadow_3"
        ]
      },
      "Bip001_L_Hand": {
        "name": "Bip001_L_Hand",
        "matrix": [
          0.9470936655998224,
          -0.32095721364021335,
          -0.000000029802322391962274,
          0,
          0.0002555558182003843,
          0.0007541974090340536,
          -0.9999997019363017,
          0,
          0.3209571107904446,
          0.947093362032579,
          0.0007963180541671039,
          0,
          0.00115203857421875,
          -0.0000152587890625,
          0,
          1
        ],
        "children": [
          "Bip001_L_Finger0"
        ],
        "jointName": "Bip001_L_Hand"
      },
      "Bip001_R_Clavicle": {
        "name": "Bip001_R_Clavicle",
        "matrix": [
          -0.13227280974388247,
          0.13833688199520042,
          -0.981512427330017,
          0,
          -0.0007883467833147499,
          -0.9902275165975424,
          -0.13945896807463362,
          0,
          -0.9912130758397982,
          -0.01767285994676244,
          0.1310892523340119,
          0,
          -7.08295440673828,
          0.008544921875,
          -7.21340942382813,
          1
        ],
        "children": [
          "Bip001_R_UpperArm"
        ],
        "jointName": "Bip001_R_Clavicle"
      },
      "Bip001_Spine": {
        "name": "Bip001_Spine",
        "matrix": [
          0.9956797957420355,
          0.09285368025302884,
          0.0000012520391692305568,
          0,
          -0.09285367480132668,
          0.9956797373406132,
          -0.000004283178441255587,
          0,
          -0.0000016443388097823289,
          0.0000041484175382375214,
          0.9999999403953553,
          0,
          7.47760772705078,
          -0.008941650390625,
          0.00000762939453125,
          1
        ],
        "children": [
          "Bip001_Spine1",
          "Bip001_L_Thigh",
          "Bip001_R_Thigh"
        ],
        "jointName": "Bip001_Spine"
      },
      "Bip001_L_Finger0": {
        "name": "Bip001_L_Finger0",
        "matrix": [
          1.000000119209289,
          -0.000000029802322387695263,
          -0.00000002980232238769528,
          0,
          0.000000029778579160919508,
          0.9999997019767808,
          -0.0007962733507723328,
          0,
          0.00000002982604074760184,
          0.0007962733508281313,
          0.9999997020479707,
          0,
          19.3238525390625,
          0,
          0,
          1
        ],
        "children": [
          "Bip001_L_Finger0Nub"
        ]
      },
      "Bip001": {
        "name": "Bip001",
        "matrix": [
          0.0000013709068292801563,
          -0.9999999403953553,
          0,
          0,
          0.9999999403953553,
          0.0000013709068292801563,
          0,
          0,
          0,
          0,
          1,
          0,
          122.742881774902,
          -306.68896484375,
          36.5578765869141,
          1
        ],
        "children": [
          "Bip001_Footsteps",
          "Bip001_Pelvis",
          "Bone001"
        ]
      },
      "Bip001_Pelvis": {
        "name": "Bip001_Pelvis",
        "matrix": [
          0.00000000000000016653345369393332,
          0,
          1.00000000000096,
          0,
          0.9999999403953554,
          0.0000013868000217053675,
          -0.00000000000000022204459169035507,
          0,
          -0.0000013868000218177224,
          0.9999999403963165,
          -0.00000000000000011102229584528423,
          0,
          0,
          0,
          0,
          1
        ],
        "children": [
          "Bip001_Spine"
        ],
        "jointName": "Bip001_Pelvis"
      },
      "Bip001_Footsteps": {
        "name": "Bip001_Footsteps",
        "matrix": [
          0.0000013709069442992668,
          1,
          0,
          0,
          -1,
          0.0000013709069442992668,
          0,
          0,
          0,
          0,
          1,
          0,
          0,
          0,
          -43.9479675292969,
          1
        ]
      },
      "Bip001_L_Clavicle": {
        "name": "Bip001_L_Clavicle",
        "matrix": [
          -0.0897713676095001,
          0.09616431593894904,
          0.9913090467453002,
          0,
          -0.0007926130868897756,
          -0.9953342669217929,
          0.09648301431562388,
          0,
          0.9959621421672995,
          0.007875688063532584,
          0.0894287444723035,
          0,
          -7.08295440673828,
          0.00848388671875,
          7.21340942382813,
          1
        ],
        "children": [
          "Bip001_L_UpperArm"
        ],
        "jointName": "Bip001_L_Clavicle"
      },
      "Bip001_Neck": {
        "name": "Bip001_Neck",
        "matrix": [
          0.9999999999999999,
          -0.00000001490116119384766,
          0.000000000000056843418860807996,
          0,
          0.00000001490116119384766,
          0.9999999999999999,
          -0.000000000000014210854715201999,
          0,
          -0.00000000000005684341526091797,
          0.000000000000014210854715201944,
          0.999999940395355,
          0,
          10.4479827880859,
          -0.002197265625,
          -0.00000762939453125,
          1
        ],
        "children": [
          "Bip001_L_Clavicle",
          "Bip001_R_Clavicle",
          "Bip001_Head"
        ]
      },
      "Bip001_L_Forearm": {
        "name": "Bip001_L_Forearm",
        "matrix": [
          0.9800624847412105,
          -0.1986888945102699,
          0.0001026690006256103,
          0,
          0.19868890846650084,
          0.9800625536001987,
          0.000000034458935079156784,
          0,
          -0.00010062890701282119,
          0.00002036542329501044,
          0.9999999947295363,
          0,
          16.418830871582,
          0.000030517578125,
          0.000030517578125,
          1
        ],
        "children": [
          "Bip001_L_Hand"
        ]
      },
      "Bip001_Spine2": {
        "name": "Bip001_Spine2",
        "matrix": [
          0.9856851100921631,
          -0.16859674453735352,
          -0.0000004676198841480066,
          0,
          0.16859674453733514,
          0.9856851100921658,
          -0.00000003970369633066184,
          0,
          0.00000046761984375212154,
          -0.00000003970384555151547,
          0.9999999403953549,
          0,
          11.2678508758545,
          -0.008819580078125,
          0.00000762939453125,
          1
        ],
        "children": [
          "Bip001_Neck"
        ],
        "jointName": "Bip001_Spine2"
      },
      "Bip001_L_UpperArm": {
        "name": "Bip001_L_UpperArm",
        "matrix": [
          0.5372558832168574,
          0.22658881545066809,
          -0.8124122023582462,
          0,
          0.22061446270145238,
          0.8919463090547627,
          0.39466600168322913,
          0,
          0.8140548184416976,
          -0.3912664413529798,
          0.4292145538740914,
          0,
          8.4520263671875,
          -0.000030517578125,
          -0.00000762939453125,
          1
        ],
        "children": [
          "Bip001_L_Forearm"
        ],
        "jointName": "Bip001_L_UpperArm"
      },
      "RootBone": {
        "name": "RootBone",
        "matrix": [
          1,
          0,
          0,
          0,
          0,
          0.0000000000000002220446049250313,
          -1,
          0,
          0,
          1,
          0.0000000000000002220446049250313,
          0,
          0,
          0,
          0.000000195209850062383,
          1
        ],
        "children": [
          "Bip001"
        ]
      },
      "Bip001_Spine1": {
        "name": "Bip001_Spine1",
        "matrix": [
          0.9844470620155377,
          -0.1756815463304525,
          -0.0000004872704266745159,
          0,
          0.1756815467903411,
          0.9844470645926837,
          -0.00000004313768897645803,
          0,
          0.0000004872704243162384,
          -0.000000043137649955993554,
          1.0000000000000002,
          0,
          11.2677917480469,
          -0.00885009765625,
          -0.00000762939453125,
          1
        ],
        "children": [
          "Bip001_Spine2"
        ],
        "jointName": "Bip001_Spine1"
      },
      "Bip001_L_Finger0Nub": {
        "name": "Bip001_L_Finger0Nub",
        "matrix": [
          1.0000001192092896,
          -0.00000000000000000000000000000004930381245378501,
          -0.00000002980232238769528,
          0,
          0.0000000000000008881783138210191,
          0.9999999999999996,
          0.00000002980232238769533,
          0,
          0.000000029802318834981998,
          -0.000000029802322387695346,
          0.9999999999999991,
          0,
          2.03173828125,
          0,
          0,
          1
        ]
      },
      "Bip001_R_UpperArm": {
        "name": "Bip001_R_UpperArm",
        "matrix": [
          0.4958006143569969,
          0.3480308055877707,
          0.7956483960151699,
          0,
          0.11504414733543321,
          0.8817887908234417,
          -0.4573988007495395,
          0,
          -0.8607826351358332,
          0.3183132699790159,
          0.3971524823410587,
          0,
          8.45203399658203,
          0.000030517578125,
          0.00000762939453125,
          1
        ],
        "children": [
          "Bip001_R_Forearm"
        ],
        "jointName": "Bip001_R_UpperArm"
      },
      "Bip001_R_Finger0": {
        "name": "Bip001_R_Finger0",
        "matrix": [
          0.9999999999999996,
          -0.000000029802322387695346,
          0,
          0,
          0.000000029802313505911304,
          0.9999997019767809,
          0.0007962733507581611,
          0,
          -0.000000000023730795109292122,
          -0.0007962733508006737,
          0.9999997020301713,
          0,
          19.3238296508789,
          -0.000011444091796875,
          0,
          1
        ],
        "children": [
          "Bip001_R_Finger0Nub"
        ]
      },
      "Bip001_Head": {
        "name": "Bip001_Head",
        "matrix": [
          0.9972456693649333,
          0.07416948676109342,
          0.0000002057204255834225,
          0,
          -0.0741694868430648,
          0.9972456704671006,
          -0.000000007639584964636045,
          0,
          -0.0000002057204075632279,
          -0.000000007639634624095176,
          0.9999999403953548,
          0,
          3.56094360351563,
          0,
          0,
          1
        ],
        "children": [
          "Bip001_HeadNub"
        ],
        "jointName": "Bip001_Head"
      },
      "Bip001_L_Calf": {
        "name": "Bip001_L_Calf",
        "matrix": [
          0.7798306345939663,
          -0.6259907484054582,
          -0.000000014901161193847706,
          0,
          0.625990707828336,
          0.7798305840448433,
          0.00000002235174179077136,
          0,
          -0.0000000023716019296721913,
          -0.000000026758556854611472,
          0.9999999999999997,
          0,
          24.0928497314453,
          0.000030517578125,
          0,
          1
        ],
        "children": [
          "Bip001_L_Foot"
        ],
        "jointName": "Bip001_L_Calf"
      },
      "Bip001_L_Toe0": {
        "name": "Bip001_L_Toe0",
        "matrix": [
          0.000000596045424239431,
          0.9999999999999978,
          -0.00000029802342282891813,
          0,
          -0.9999999403953548,
          0.0000005960455888856636,
          0.0000006715442850691027,
          0,
          0.0000006715444627044108,
          0.0000002980230047943344,
          0.9999999403953551,
          0,
          7.47678804397583,
          9.622314453125,
          0.0000152587890625,
          1
        ],
        "children": [
          "Bip001_L_Toe0Nub"
        ]
      },
      "Bip001_L_Toe0Nub": {
        "name": "Bip001_L_Toe0Nub",
        "matrix": [
          1,
          0.00000000000000012246467991473532,
          -0.00000000000000451606119037177,
          0,
          -0.00000000000000012246467261525553,
          0.999999940395355,
          0.0000000000000035527136788004994,
          0,
          -0.000000000000004516060921193546,
          0.0000000000000035527136788004994,
          -0.999999940395355,
          0,
          0.9752197265625,
          0,
          0,
          1
        ]
      },
      "Bip001_R_Thigh": {
        "name": "Bip001_R_Thigh",
        "matrix": [
          -0.9147155284881621,
          0.3685810565948426,
          -0.16566111147403728,
          0,
          0.36619421868575347,
          0.929407369801526,
          0.04586720459872175,
          0,
          0.1708724579698228,
          -0.018708698886848837,
          -0.9851157054728775,
          0,
          -7.44448089599609,
          0.7032470703125,
          -8.09500885009766,
          1
        ],
        "children": [
          "Bip001_R_Calf"
        ],
        "jointName": "Bip001_R_Thigh"
      },
      "Bip001_R_Finger0Nub": {
        "name": "Bip001_R_Finger0Nub",
        "matrix": [
          0.9999999403953556,
          0.0000000000000001224646726152716,
          -0.000000029802322387695263,
          0,
          0.00000000000000009957993824518611,
          1,
          0.000000007450580596923826,
          0,
          -0.00000002980232061133831,
          0.00000000745057970874541,
          -0.9999998807907106,
          0,
          2.03174591064453,
          0.000003814697265625,
          0,
          1
        ]
      },
      "Bip001_R_Forearm": {
        "name": "Bip001_R_Forearm",
        "matrix": [
          0.9800650477409372,
          -0.19867670536041276,
          -0.0002684593200683596,
          0,
          0.19867674192478818,
          0.9800652282048115,
          -0.00000006891786803807778,
          0,
          0.00026312129737164657,
          -0.000053269071001422516,
          0.9999999639647938,
          0,
          16.418830871582,
          0,
          -0.00000762939453125,
          1
        ],
        "children": [
          "Bip001_R_Hand"
        ]
      },
      "Bip001_L_Thigh": {
        "name": "Bip001_L_Thigh",
        "matrix": [
          -0.9100826978683537,
          0.3202777206897688,
          0.26300507783889876,
          0,
          0.31439450451361534,
          0.9470396636045245,
          -0.06536263915732143,
          0,
          -0.2700104105234949,
          0.023201941826935902,
          -0.9625778710658357,
          0,
          -7.44448089599609,
          0.703216552734375,
          8.09500122070313,
          1
        ],
        "children": [
          "Bip001_L_Calf"
        ],
        "jointName": "Bip001_L_Thigh"
      },
      "Bip001_L_Foot": {
        "name": "Bip001_L_Foot",
        "matrix": [
          0.8707457184791565,
          0.4103188514709469,
          0.27099868655204795,
          0,
          -0.4257667822732251,
          0.9048307602029318,
          -0.0019723917255597065,
          0,
          -0.24601728461295255,
          -0.11366479984670588,
          0.9625777552404178,
          0,
          17.5041427612305,
          -0.000030517578125,
          0,
          1
        ],
        "children": [
          "Bip001_L_Toe0"
        ],
        "jointName": "Bip001_L_Foot"
      },
      "Bip001_HeadNub": {
        "name": "Bip001_HeadNub",
        "matrix": [
          1.00000011920929,
          0,
          -0.00000000000005684341886080798,
          0,
          0.000000000000000000000000003635070617924238,
          1.00000011920929,
          0.00000000000006394884621840912,
          0,
          0.00000000000005684341208454518,
          -0.00000000000006394883859511348,
          1,
          0,
          55.8600616455078,
          0,
          0,
          1
        ]
      },
      "Bip001_R_Hand": {
        "name": "Bip001_R_Hand",
        "matrix": [
          0.947093784809116,
          -0.3209572136402139,
          0.00000002980232245380144,
          0,
          0.0002555534020827481,
          0.0007541903743841042,
          0.9999998211450822,
          0,
          -0.320957107720415,
          -0.9470934721826632,
          0.0007963106035868615,
          0,
          0.00113296508789063,
          0.000030517578125,
          0.00000762939453125,
          1
        ],
        "children": [
          "Bip001_R_Finger0"
        ],
        "jointName": "Bip001_R_Hand"
      },
      "Bip001_R_Toe0": {
        "name": "Bip001_R_Toe0",
        "matrix": [
          -0.0000003427267082356762,
          1.0000000000000042,
          -0.00000011920901243911486,
          0,
          -0.9999999403953554,
          -0.0000003427266628275596,
          0.00000020960800384273223,
          0,
          0.00000020960796298660053,
          0.00000011920907717195065,
          0.999999940395355,
          0,
          7.47678852081299,
          9.62228393554688,
          0.00000762939453125,
          1
        ],
        "children": [
          "Bip001_R_Toe0Nub"
        ]
      },
      "Bip001_R_Calf": {
        "name": "Bip001_R_Calf",
        "matrix": [
          0.6969944238662735,
          -0.7170766592025763,
          0.000000014901161193847673,
          0,
          0.7170766592025763,
          0.6969944238662736,
          0,
          0,
          -0.000000010386024577941795,
          0.00000001068527315532047,
          0.9999999999999999,
          0,
          24.092845916748,
          0,
          0,
          1
        ],
        "children": [
          "Bip001_R_Foot"
        ],
        "jointName": "Bip001_R_Calf"
      },
      "Bip001_R_Toe0Nub": {
        "name": "Bip001_R_Toe0Nub",
        "matrix": [
          1,
          0.000000000000014210854715201999,
          -0.00000000000002632112023725602,
          0,
          -0.000000000000014210853868169049,
          0.999999940395355,
          0,
          0,
          0.00000000000002632111866839499,
          0.0000000000000000000000000003740455933381523,
          0.999999940395355,
          0,
          0.9752197265625,
          0.00000095367431640625,
          0,
          1
        ]
      },
      "Bip001_R_Foot": {
        "name": "Bip001_R_Foot",
        "matrix": [
          0.8582231998443604,
          0.483645319938659,
          -0.17187123000621787,
          0,
          -0.49136925074538074,
          0.8709468226837975,
          -0.0027644881190735425,
          0,
          0.14835370103659895,
          0.08682480354952091,
          0.9851154140083682,
          0,
          17.5041198730469,
          0,
          0,
          1
        ],
        "children": [
          "Bip001_R_Toe0"
        ],
        "jointName": "Bip001_R_Foot"
      },
      "Camera001": {
        "name": "Camera001",
        "matrix": [
          0.0000000000000002220446049250313,
          0.000000043711389396960953,
          -0.999999999999999,
          0,
          0,
          0.999999999999999,
          0.000000043711389396960953,
          0,
          1,
          -0.000000000000000000000009705878189372397,
          0.00000000000000022204460492503109,
          0,
          -0.867926120758057,
          79.0178833007813,
          411.782592773438,
          1
        ]
      },
      "Bone001": {
        "name": "Bone001",
        "matrix": [
          0.00000000000000011102230246251565,
          -0.00000000000000005551115123125783,
          1,
          0,
          -0.9999999999992895,
          0.0000011920935066855876,
          0.00000000000000005551115123125783,
          0,
          -0.0000011920932224128366,
          -0.9999997615807105,
          0,
          0,
          0.89154052734375,
          -0.0133132934570313,
          -36.5578765869141,
          1
        ],
        "jointName": "Bone001"
      }
    },
    "animations": {
      "animation_0": {
        "channels": [
          {
            "sampler": "animation_0_T_sampler",
            "target": {
              "id": "RootBone",
              "path": "translation"
            }
          },
          {
            "sampler": "animation_1_R_sampler",
            "target": {
              "id": "RootBone",
              "path": "rotation"
            }
          },
          {
            "sampler": "animation_2_S_sampler",
            "target": {
              "id": "RootBone",
              "path": "scale"
            }
          }
        ],
        "parameters": {
          "TIME": "accessor_anim_12",
          "translation": "accessor_anim_13",
          "rotation": "accessor_anim_14",
          "scale": "accessor_anim_15"
        },
        "samplers": {
          "animation_0_T_sampler": {
            "input": "TIME",
            "interpolation": "LINEAR",
            "output": "translation"
          },
          "animation_1_R_sampler": {
            "input": "TIME",
            "interpolation": "LINEAR",
            "output": "rotation"
          },
          "animation_2_S_sampler": {
            "input": "TIME",
            "interpolation": "LINEAR",
            "output": "scale"
          }
        },
        "name": "animation_0"
      },
      "animation_3": {
        "channels": [
          {
            "sampler": "animation_3_T_sampler",
            "target": {
              "id": "Bip001",
              "path": "translation"
            }
          },
          {
            "sampler": "animation_4_R_sampler",
            "target": {
              "id": "Bip001",
              "path": "rotation"
            }
          },
          {
            "sampler": "animation_5_S_sampler",
            "target": {
              "id": "Bip001",
              "path": "scale"
            }
          }
        ],
        "parameters": {
          "TIME": "accessor_anim_16",
          "translation": "accessor_anim_17",
          "rotation": "accessor_anim_18",
          "scale": "accessor_anim_19"
        },
        "samplers": {
          "animation_3_T_sampler": {
            "input": "TIME",
            "interpolation": "LINEAR",
            "output": "translation"
          },
          "animation_4_R_sampler": {
            "input": "TIME",
            "interpolation": "LINEAR",
            "output": "rotation"
          },
          "animation_5_S_sampler": {
            "input": "TIME",
            "interpolation": "LINEAR",
            "output": "scale"
          }
        },
        "name": "animation_3"
      },
      "animation_6": {
        "channels": [
          {
            "sampler": "animation_6_T_sampler",
            "target": {
              "id": "Bip001_Footsteps",
              "path": "translation"
            }
          },
          {
            "sampler": "animation_7_R_sampler",
            "target": {
              "id": "Bip001_Footsteps",
              "path": "rotation"
            }
          },
          {
            "sampler": "animation_8_S_sampler",
            "target": {
              "id": "Bip001_Footsteps",
              "path": "scale"
            }
          }
        ],
        "parameters": {
          "TIME": "accessor_anim_20",
          "translation": "accessor_anim_21",
          "rotation": "accessor_anim_22",
          "scale": "accessor_anim_23"
        },
        "samplers": {
          "animation_6_T_sampler": {
            "input": "TIME",
            "interpolation": "LINEAR",
            "output": "translation"
          },
          "animation_7_R_sampler": {
            "input": "TIME",
            "interpolation": "LINEAR",
            "output": "rotation"
          },
          "animation_8_S_sampler": {
            "input": "TIME",
            "interpolation": "LINEAR",
            "output": "scale"
          }
        },
        "name": "animation_6"
      },
      "animation_9": {
        "channels": [
          {
            "sampler": "animation_9_T_sampler",
            "target": {
              "id": "Bip001_Pelvis",
              "path": "translation"
            }
          },
          {
            "sampler": "animation_10_R_sampler",
            "target": {
              "id": "Bip001_Pelvis",
              "path": "rotation"
            }
          },
          {
            "sampler": "animation_11_S_sampler",
            "target": {
              "id": "Bip001_Pelvis",
              "path": "scale"
            }
          }
        ],
        "parameters": {
          "TIME": "accessor_anim_24",
          "translation": "accessor_anim_25",
          "rotation": "accessor_anim_26",
          "scale": "accessor_anim_27"
        },
        "samplers": {
          "animation_9_T_sampler": {
            "input": "TIME",
            "interpolation": "LINEAR",
            "output": "translation"
          },
          "animation_10_R_sampler": {
            "input": "TIME",
            "interpolation": "LINEAR",
            "output": "rotation"
          },
          "animation_11_S_sampler": {
            "input": "TIME",
            "interpolation": "LINEAR",
            "output": "scale"
          }
        },
        "name": "animation_9"
      },
      "animation_12": {
        "channels": [
          {
            "sampler": "animation_12_T_sampler",
            "target": {
              "id": "Bip001_Spine",
              "path": "translation"
            }
          },
          {
            "sampler": "animation_13_R_sampler",
            "target": {
              "id": "Bip001_Spine",
              "path": "rotation"
            }
          },
          {
            "sampler": "animation_14_S_sampler",
            "target": {
              "id": "Bip001_Spine",
              "path": "scale"
            }
          }
        ],
        "parameters": {
          "TIME": "accessor_anim_28",
          "translation": "accessor_anim_29",
          "rotation": "accessor_anim_30",
          "scale": "accessor_anim_31"
        },
        "samplers": {
          "animation_12_T_sampler": {
            "input": "TIME",
            "interpolation": "LINEAR",
            "output": "translation"
          },
          "animation_13_R_sampler": {
            "input": "TIME",
            "interpolation": "LINEAR",
            "output": "rotation"
          },
          "animation_14_S_sampler": {
            "input": "TIME",
            "interpolation": "LINEAR",
            "output": "scale"
          }
        },
        "name": "animation_12"
      },
      "animation_15": {
        "channels": [
          {
            "sampler": "animation_15_T_sampler",
            "target": {
              "id": "Bip001_Spine1",
              "path": "translation"
            }
          },
          {
            "sampler": "animation_16_R_sampler",
            "target": {
              "id": "Bip001_Spine1",
              "path": "rotation"
            }
          },
          {
            "sampler": "animation_17_S_sampler",
            "target": {
              "id": "Bip001_Spine1",
              "path": "scale"
            }
          }
        ],
        "parameters": {
          "TIME": "accessor_anim_32",
          "translation": "accessor_anim_33",
          "rotation": "accessor_anim_34",
          "scale": "accessor_anim_35"
        },
        "samplers": {
          "animation_15_T_sampler": {
            "input": "TIME",
            "interpolation": "LINEAR",
            "output": "translation"
          },
          "animation_16_R_sampler": {
            "input": "TIME",
            "interpolation": "LINEAR",
            "output": "rotation"
          },
          "animation_17_S_sampler": {
            "input": "TIME",
            "interpolation": "LINEAR",
            "output": "scale"
          }
        },
        "name": "animation_15"
      },
      "animation_18": {
        "channels": [
          {
            "sampler": "animation_18_T_sampler",
            "target": {
              "id": "Bip001_Spine2",
              "path": "translation"
            }
          },
          {
            "sampler": "animation_19_R_sampler",
            "target": {
              "id": "Bip001_Spine2",
              "path": "rotation"
            }
          },
          {
            "sampler": "animation_20_S_sampler",
            "target": {
              "id": "Bip001_Spine2",
              "path": "scale"
            }
          }
        ],
        "parameters": {
          "TIME": "accessor_anim_36",
          "translation": "accessor_anim_37",
          "rotation": "accessor_anim_38",
          "scale": "accessor_anim_39"
        },
        "samplers": {
          "animation_18_T_sampler": {
            "input": "TIME",
            "interpolation": "LINEAR",
            "output": "translation"
          },
          "animation_19_R_sampler": {
            "input": "TIME",
            "interpolation": "LINEAR",
            "output": "rotation"
          },
          "animation_20_S_sampler": {
            "input": "TIME",
            "interpolation": "LINEAR",
            "output": "scale"
          }
        },
        "name": "animation_18"
      },
      "animation_21": {
        "channels": [
          {
            "sampler": "animation_21_T_sampler",
            "target": {
              "id": "Bip001_Neck",
              "path": "translation"
            }
          },
          {
            "sampler": "animation_22_R_sampler",
            "target": {
              "id": "Bip001_Neck",
              "path": "rotation"
            }
          },
          {
            "sampler": "animation_23_S_sampler",
            "target": {
              "id": "Bip001_Neck",
              "path": "scale"
            }
          }
        ],
        "parameters": {
          "TIME": "accessor_anim_40",
          "translation": "accessor_anim_41",
          "rotation": "accessor_anim_42",
          "scale": "accessor_anim_43"
        },
        "samplers": {
          "animation_21_T_sampler": {
            "input": "TIME",
            "interpolation": "LINEAR",
            "output": "translation"
          },
          "animation_22_R_sampler": {
            "input": "TIME",
            "interpolation": "LINEAR",
            "output": "rotation"
          },
          "animation_23_S_sampler": {
            "input": "TIME",
            "interpolation": "LINEAR",
            "output": "scale"
          }
        },
        "name": "animation_21"
      },
      "animation_24": {
        "channels": [
          {
            "sampler": "animation_24_T_sampler",
            "target": {
              "id": "Bip001_L_Clavicle",
              "path": "translation"
            }
          },
          {
            "sampler": "animation_25_R_sampler",
            "target": {
              "id": "Bip001_L_Clavicle",
              "path": "rotation"
            }
          },
          {
            "sampler": "animation_26_S_sampler",
            "target": {
              "id": "Bip001_L_Clavicle",
              "path": "scale"
            }
          }
        ],
        "parameters": {
          "TIME": "accessor_anim_44",
          "translation": "accessor_anim_45",
          "rotation": "accessor_anim_46",
          "scale": "accessor_anim_47"
        },
        "samplers": {
          "animation_24_T_sampler": {
            "input": "TIME",
            "interpolation": "LINEAR",
            "output": "translation"
          },
          "animation_25_R_sampler": {
            "input": "TIME",
            "interpolation": "LINEAR",
            "output": "rotation"
          },
          "animation_26_S_sampler": {
            "input": "TIME",
            "interpolation": "LINEAR",
            "output": "scale"
          }
        },
        "name": "animation_24"
      },
      "animation_27": {
        "channels": [
          {
            "sampler": "animation_27_T_sampler",
            "target": {
              "id": "Bip001_L_UpperArm",
              "path": "translation"
            }
          },
          {
            "sampler": "animation_28_R_sampler",
            "target": {
              "id": "Bip001_L_UpperArm",
              "path": "rotation"
            }
          },
          {
            "sampler": "animation_29_S_sampler",
            "target": {
              "id": "Bip001_L_UpperArm",
              "path": "scale"
            }
          }
        ],
        "parameters": {
          "TIME": "accessor_anim_48",
          "translation": "accessor_anim_49",
          "rotation": "accessor_anim_50",
          "scale": "accessor_anim_51"
        },
        "samplers": {
          "animation_27_T_sampler": {
            "input": "TIME",
            "interpolation": "LINEAR",
            "output": "translation"
          },
          "animation_28_R_sampler": {
            "input": "TIME",
            "interpolation": "LINEAR",
            "output": "rotation"
          },
          "animation_29_S_sampler": {
            "input": "TIME",
            "interpolation": "LINEAR",
            "output": "scale"
          }
        },
        "name": "animation_27"
      },
      "animation_30": {
        "channels": [
          {
            "sampler": "animation_30_T_sampler",
            "target": {
              "id": "Bip001_L_Forearm",
              "path": "translation"
            }
          },
          {
            "sampler": "animation_31_R_sampler",
            "target": {
              "id": "Bip001_L_Forearm",
              "path": "rotation"
            }
          },
          {
            "sampler": "animation_32_S_sampler",
            "target": {
              "id": "Bip001_L_Forearm",
              "path": "scale"
            }
          }
        ],
        "parameters": {
          "TIME": "accessor_anim_52",
          "translation": "accessor_anim_53",
          "rotation": "accessor_anim_54",
          "scale": "accessor_anim_55"
        },
        "samplers": {
          "animation_30_T_sampler": {
            "input": "TIME",
            "interpolation": "LINEAR",
            "output": "translation"
          },
          "animation_31_R_sampler": {
            "input": "TIME",
            "interpolation": "LINEAR",
            "output": "rotation"
          },
          "animation_32_S_sampler": {
            "input": "TIME",
            "interpolation": "LINEAR",
            "output": "scale"
          }
        },
        "name": "animation_30"
      },
      "animation_33": {
        "channels": [
          {
            "sampler": "animation_33_T_sampler",
            "target": {
              "id": "Bip001_L_Hand",
              "path": "translation"
            }
          },
          {
            "sampler": "animation_34_R_sampler",
            "target": {
              "id": "Bip001_L_Hand",
              "path": "rotation"
            }
          },
          {
            "sampler": "animation_35_S_sampler",
            "target": {
              "id": "Bip001_L_Hand",
              "path": "scale"
            }
          }
        ],
        "parameters": {
          "TIME": "accessor_anim_56",
          "translation": "accessor_anim_57",
          "rotation": "accessor_anim_58",
          "scale": "accessor_anim_59"
        },
        "samplers": {
          "animation_33_T_sampler": {
            "input": "TIME",
            "interpolation": "LINEAR",
            "output": "translation"
          },
          "animation_34_R_sampler": {
            "input": "TIME",
            "interpolation": "LINEAR",
            "output": "rotation"
          },
          "animation_35_S_sampler": {
            "input": "TIME",
            "interpolation": "LINEAR",
            "output": "scale"
          }
        },
        "name": "animation_33"
      },
      "animation_36": {
        "channels": [
          {
            "sampler": "animation_36_T_sampler",
            "target": {
              "id": "Bip001_L_Finger0",
              "path": "translation"
            }
          },
          {
            "sampler": "animation_37_R_sampler",
            "target": {
              "id": "Bip001_L_Finger0",
              "path": "rotation"
            }
          },
          {
            "sampler": "animation_38_S_sampler",
            "target": {
              "id": "Bip001_L_Finger0",
              "path": "scale"
            }
          }
        ],
        "parameters": {
          "TIME": "accessor_anim_60",
          "translation": "accessor_anim_61",
          "rotation": "accessor_anim_62",
          "scale": "accessor_anim_63"
        },
        "samplers": {
          "animation_36_T_sampler": {
            "input": "TIME",
            "interpolation": "LINEAR",
            "output": "translation"
          },
          "animation_37_R_sampler": {
            "input": "TIME",
            "interpolation": "LINEAR",
            "output": "rotation"
          },
          "animation_38_S_sampler": {
            "input": "TIME",
            "interpolation": "LINEAR",
            "output": "scale"
          }
        },
        "name": "animation_36"
      },
      "animation_39": {
        "channels": [
          {
            "sampler": "animation_39_T_sampler",
            "target": {
              "id": "Bip001_L_Finger0Nub",
              "path": "translation"
            }
          },
          {
            "sampler": "animation_40_R_sampler",
            "target": {
              "id": "Bip001_L_Finger0Nub",
              "path": "rotation"
            }
          },
          {
            "sampler": "animation_41_S_sampler",
            "target": {
              "id": "Bip001_L_Finger0Nub",
              "path": "scale"
            }
          }
        ],
        "parameters": {
          "TIME": "accessor_anim_64",
          "translation": "accessor_anim_65",
          "rotation": "accessor_anim_66",
          "scale": "accessor_anim_67"
        },
        "samplers": {
          "animation_39_T_sampler": {
            "input": "TIME",
            "interpolation": "LINEAR",
            "output": "translation"
          },
          "animation_40_R_sampler": {
            "input": "TIME",
            "interpolation": "LINEAR",
            "output": "rotation"
          },
          "animation_41_S_sampler": {
            "input": "TIME",
            "interpolation": "LINEAR",
            "output": "scale"
          }
        },
        "name": "animation_39"
      },
      "animation_42": {
        "channels": [
          {
            "sampler": "animation_42_T_sampler",
            "target": {
              "id": "Bip001_R_Clavicle",
              "path": "translation"
            }
          },
          {
            "sampler": "animation_43_R_sampler",
            "target": {
              "id": "Bip001_R_Clavicle",
              "path": "rotation"
            }
          },
          {
            "sampler": "animation_44_S_sampler",
            "target": {
              "id": "Bip001_R_Clavicle",
