{
    "asset": {
      "generator": "tmx:FBX2GLTF",
      "premultipliedAlpha": true,
      "profile": {
        "api": "WebGL",
        "version": "1.0.2"
      },
      "version": "1.0"
    },
    "scene": "test",
    "scenes": {
      "test": {
        "nodes": [
          "RootNode"
        ]
      }
    },
    "nodes": {
      "RootNode": {
        "name": "RootNode",
        "children": [
          "Sky001",
          "Bip01",
          "K_ChangLeBangGaoShou001"
        ]
      },
      "Sky001": {
        "name": "Sky001",
        "matrix": [
          2.54,
          0,
          0,
          0,
          0,
          2.5400000000000005,
          -0.00000000000000000000000000000012523166870383563,
          0,
          0,
          0.00000000000000000000000000000012523166870383563,
          2.5400000000000005,
          0,
          0,
          0,
          0,
          1
        ]
      },
      "Bip01": {
        "name": "Bip01",
        "matrix": [
          0.02719007968902679,
          -0.0000000000000005639609573210489,
          2.539854357242585,
          0,
          2.539854357242584,
          0.0000000000000000060374105024300716,
          -0.027190079689026793,
          0,
          0,
          2.5400000000000005,
          0.0000000000000005639932965095795,
          0,
          0.03700824856758118,
          86.34248168945312,
          -0.0000000000000000000000000000000023743105095648892,
          1
        ],
        "children": [
          "Bip01-Pelvis"
        ]
      },
      "Bip01-Pelvis": {
        "name": "Bip01-Pelvis",
        "matrix": [
          -0.0015731259481984825,
          -0.015482865273955596,
          0.999879002571106,
          0,
          0.9977796905496139,
          0.06655450875269103,
          0.0026004022561684366,
          0,
          -0.0665867132742794,
          0.9976629891286003,
          0.015343788922042018,
          0,
          0,
          0,
          -0.000003814697265625,
          1
        ],
        "children": [
          "Bip01-Spine",
          "Bone04",
          "Bone15",
          "Bone09",
          "Bone12",
          "Bone01",
          "Bone17"
        ],
        "jointName": "Bip01-Pelvis"
      },
      "Bip01-Spine": {
        "name": "Bip01-Spine",
        "matrix": [
          0.9997458457946777,
          0.021622568368911747,
          0.006400507874786854,
          0,
          -0.017631743160657645,
          0.9264942402185664,
          -0.3758956508779878,
          0,
          -0.01405786078024859,
          0.3756872015492833,
          0.9266398590575066,
          0,
          3.158031463623047,
          0.0029692426323890686,
          0.05058884620666504,
          1
        ],
        "children": [
          "Bip01-Spine1",
          "Bip01-L-Thigh",
          "Bip01-R-Thigh"
        ],
        "jointName": "Bip01-Spine"
      },
      "Bip01-Spine1": {
        "name": "Bip01-Spine1",
        "matrix": [
          0.9999747872352601,
          0.007095076143741609,
          0.0003498361911624673,
          0,
          -0.006687582817152796,
          0.9568645338758174,
          -0.29045743396802703,
          0,
          -0.002395563616102632,
          0.29044779076689853,
          0.9568879221321643,
          0,
          7.109291076660156,
          -0.0055792927742004395,
          0.0016935430467128754,
          1
        ],
        "children": [
          "Bip01-Spine2"
        ],
        "jointName": "Bip01-Spine1"
      },
      "Bip01-L-Finger01": {
        "name": "Bip01-L-Finger01",
        "matrix": [
          0.9250493049621581,
          0.37984678149223333,
          -0.00000013411045074462893,
          0,
          -0.3798467943922087,
          0.925049336377714,
          -0.00000011548399925232,
          0,
          0.0000000801925670475118,
          0.00000015776983578789967,
          0.9999999403953609,
          0,
          1.2276725769042969,
          0.000003814697265625,
          0.0000095367431640625,
          1
        ],
        "children": [
          "Bip01-L-Finger02"
        ],
        "jointName": "Bip01-L-Finger01"
      },
      "Bip01-L-Finger02": {
        "name": "Bip01-L-Finger02",
        "matrix": [
          0.6758252382278441,
          0.737062156200409,
          0.00000008940696716308595,
          0,
          -0.7370621238195627,
          0.6758252085372828,
          -0.000000044703483581543075,
          0,
          -0.00000009337270846952076,
          -0.00000003568673910953357,
          1.0000001192092918,
          0,
          0.9520912170410156,
          -0.000000476837158203125,
          0,
          1
        ],
        "children": [
          "Bip01-L-Finger0Nub"
        ],
        "jointName": "Bip01-L-Finger02"
      },
      "Bip01-L-Finger0Nub": {
        "name": "Bip01-L-Finger0Nub",
        "matrix": [
          1,
          0.0000023543834686279297,
          -0.000000782310962677002,
          0,
          -0.000002354384555675554,
          1.0000000000002145,
          -0.0000013895332813261758,
          0,
          0.0000007823078776951004,
          0.0000013895354544698954,
          1.000000238418494,
          0,
          0.8882236480712891,
          0.00000762939453125,
          0,
          1
        ]
      },
      "Bip01-L-Finger1": {
        "name": "Bip01-L-Finger1",
        "matrix": [
          0.08244150876998885,
          0.9940904378890989,
          0.07062323391437528,
          0,
          -0.9855538620660925,
          0.07080350341076193,
          0.1538510919268445,
          0,
          0.14794154145238614,
          -0.08228672514112953,
          0.985566914498729,
          0,
          3.7706451416015625,
          -0.17337799072265625,
          -1.3427438735961914,
          1
        ],
        "children": [
          "Bip01-L-Finger11"
        ],
        "jointName": "Bip01-L-Finger1"
      },
      "Bip01-L-Finger11": {
        "name": "Bip01-L-Finger11",
        "matrix": [
          0.350914567708969,
          0.9364075064659118,
          0.000000029802322387695306,
          0,
          -0.9364074835800889,
          0.35091455913261493,
          -0.00000020861625671386785,
          0,
          -0.0000002058078919082387,
          0.0000000452993645816343,
          1.000000000000003,
          0,
          1.7271003723144531,
          -0.00000286102294921875,
          0.00000286102294921875,
          1
        ],
        "children": [
          "Bip01-L-Finger12"
        ],
        "jointName": "Bip01-L-Finger11"
      },
      "Bip01-L-Finger12": {
        "name": "Bip01-L-Finger12",
        "matrix": [
          0.6758253574371339,
          0.7370619773864743,
          0.000000000000000000000013234891602539608,
          0,
          -0.7370618856245114,
          0.6758252732989429,
          0.0000002160668373107892,
          0,
          0.00000015925462682336613,
          -0.00000014602342597844308,
          0.9999999999999918,
          0,
          1.0268192291259766,
          -0.00000762939453125,
          -0.000000476837158203125,
          1
        ],
        "children": [
          "Bip01-L-Finger1Nub"
        ],
        "jointName": "Bip01-L-Finger12"
      },
      "Bip01-L-Finger1Nub": {
        "name": "Bip01-L-Finger1Nub",
        "matrix": [
          1.0000001192092896,
          0.00000008940696716308595,
          -0.0000026226043701171875,
          0,
          -0.00000008940414453240526,
          1.0000002384185862,
          0.0000010803341865539561,
          0,
          0.0000026226047793453266,
          -0.0000010803339520822685,
          1.00000023841858,
          0,
          1.007253646850586,
          0,
          -0.000007152557373046875,
          1
        ]
      },
      "Bip01-L-Finger2": {
        "name": "Bip01-L-Finger2",
        "matrix": [
          0.17239272594451924,
          0.9844931364059445,
          -0.03246322274208069,
          0,
          -0.9833439040127135,
          0.17007789234668963,
          -0.06409771760814895,
          0,
          -0.05758248827727914,
          0.042972493748504766,
          0.9974155457735844,
          0,
          3.910463333129883,
          -0.01985931396484375,
          -0.2563180923461914,
          1
        ],
        "children": [
          "Bip01-L-Finger21"
        ],
        "jointName": "Bip01-L-Finger2"
      },
      "Bip01-L-Finger21": {
        "name": "Bip01-L-Finger21",
        "matrix": [
          0.3533439636230474,
          0.935493469238281,
          0.00000017881393432617188,
          0,
          -0.935493364912513,
          0.35334392421828087,
          0.00000011920928955077915,
          0,
          0.00000004833669193336463,
          -0.00000020940112048821854,
          0.9999998211860481,
          0,
          2.2772674560546875,
          -0.00001239776611328125,
          0.00000095367431640625,
          1
        ],
        "children": [
          "Bip01-L-Finger22"
        ],
        "jointName": "Bip01-L-Finger21"
      },
      "Bip01-L-Finger22": {
        "name": "Bip01-L-Finger22",
        "matrix": [
          0.6758251786231995,
          0.7370620369911194,
          -0.00000017881393432617185,
          0,
          -0.7370620666816843,
          0.6758252058470038,
          0.000000007450580596923824,
          0,
          0.0000001263384765034199,
          0.00000012676165034836764,
          0.9999999403953537,
          0,
          1.147963523864746,
          0.00000762939453125,
          -0.000003337860107421875,
          1
        ],
        "children": [
          "Bip01-L-Finger2Nub"
        ],
        "jointName": "Bip01-L-Finger22"
      },
      "Bip01-LUpArmTwist1": {
        "name": "Bip01-LUpArmTwist1",
        "matrix": [
          0.9999999403953551,
          0.0000025108456611633297,
          0.0000011324882507324215,
          0,
          -0.000002555075778624508,
          0.9991627931625481,
          0.04091173775281227,
          0,
          -0.0000010288172467309703,
          -0.04091174255982894,
          0.9991629104971754,
          0,
          5.296039581298828,
          0.000014066696166992188,
          0.00000762939453125,
          1
        ],
        "jointName": "Bip01-LUpArmTwist1"
      },
      "Bip01-R-Clavicle": {
        "name": "Bip01-R-Clavicle",
        "matrix": [
          -0.14954043924808533,
          -0.013769298791885425,
          -0.9886599183082578,
          0,
          -0.36321879798418993,
          -0.9292280369296252,
          0.06788048735184368,
          0,
          -0.9196249027946052,
          0.3692506330137148,
          0.1339558600079017,
          0,
          -2.3361968994140625,
          1.0613765716552734,
          -1.1274266242980957,
          1
        ],
        "children": [
          "Bip01-R-UpperArm",
          "Bip01-RUpArmTwist"
        ],
        "jointName": "Bip01-R-Clavicle"
      },
      "Bip01-R-UpperArm": {
        "name": "Bip01-R-UpperArm",
        "matrix": [
          0.876207172870636,
          0.05998621881008151,
          0.47818669676780706,
          0,
          -0.28939671303932535,
          0.8589043038238114,
          0.4225317342156321,
          0,
          -0.3853705133910872,
          -0.5086109715432751,
          0.7699378915450826,
          0,
          6.956835746765137,
          0.00000667572021484375,
          0,
          1
        ],
        "children": [
          "Bip01-R-Forearm"
        ]
      },
      "Bip01-R-Forearm": {
        "name": "Bip01-R-Forearm",
        "matrix": [
          0.9990705251693724,
          -0.043109744787216187,
          0,
          0,
          0.043109736753444865,
          0.9990703389863141,
          0.00000005960464477539063,
          0,
          -0.000000002569540873330837,
          -0.00000005954924025725325,
          1.0000001192092896,
          0,
          10.592076301574707,
          0.00000286102294921875,
          -0.000003814697265625,
          1
        ],
        "children": [
          "Bip01-R-Hand"
        ],
        "jointName": "Bip01-R-Forearm"
      },
      "Bip01-R-Hand": {
        "name": "Bip01-R-Hand",
        "matrix": [
          0.5474743247032164,
          0.6273215413093567,
          -0.5538405776023865,
          0,
          0.302524320275868,
          0.46870436537996657,
          0.8299367389218437,
          0,
          0.7802249051713628,
          -0.6219194709264897,
          0.06682360141186311,
          0,
          9.287908554077148,
          0.00001049041748046875,
          -0.0000152587890625,
          1
        ],
        "children": [
          "Bip01-R-Finger0",
          "Bip01-R-Finger1",
          "Bip01-R-Finger2",
          "Bip01-R-Finger3",
          "Bip01-R-Finger4",
          "Bone14"
        ],
        "jointName": "Bip01-R-Hand"
      },
      "Bip01-R-Finger0": {
        "name": "Bip01-R-Finger0",
        "matrix": [
          0.508602499961853,
          0.5625860691070557,
          0.6517822742462159,
          0,
          0.6739218116590959,
          0.21102404073152323,
          -0.7080240165852463,
          0,
          -0.535866280529506,
          0.7993532296060407,
          -0.27181172049272606,
          0,
          1.6857452392578125,
          1.1524581909179688,
          2.303133010864258,
          1
        ],
        "children": [
          "Bip01-R-Finger01"
        ],
        "jointName": "Bip01-R-Finger0"
      },
      "Bip01-R-Finger01": {
        "name": "Bip01-R-Finger01",
        "matrix": [
          0.7210706472396851,
          0.6928613185882567,
          0.00000005960464477539063,
          0,
          -0.6928613483668603,
          0.7210706782307097,
          -0.00000008940696716308546,
          0,
          -0.00000010492580681618401,
          0.000000023170988670345328,
          0.9999998807907051,
          0,
          1.2276763916015625,
          0.0000050067901611328125,
          0.00000762939453125,
          1
        ],
        "children": [
          "Bip01-R-Finger02"
        ],
        "jointName": "Bip01-R-Finger01"
      },
      "Bip01-R-Finger02": {
        "name": "Bip01-R-Finger02",
        "matrix": [
          0.8055034279823304,
          0.592591345310211,
          -0.00000004097819328308105,
          0,
          -0.5925912540657834,
          0.8055033039547123,
          0.00000014901161193847643,
          0,
          0.00000012131104698007324,
          -0.00000009574603368834555,
          0.9999999999999991,
          0,
          0.9521007537841797,
          -0.00000476837158203125,
          -0.00000762939453125,
          1
        ],
        "children": [
          "Bip01-R-Finger0Nub"
        ],
        "jointName": "Bip01-R-Finger02"
      },
      "Bip01-R-Finger0Nub": {
        "name": "Bip01-R-Finger0Nub",
        "matrix": [
          -0.9999997019767762,
          -0.0006903707981109009,
          -0.0000004619359970092774,
          0,
          0.0006903707157883208,
          -0.9999995827726872,
          0.000000059604644775388904,
          0,
          -0.0000004619770638287077,
          0.00000005928573407478148,
          0.999999999999971,
          0,
          0.8882265090942383,
          -0.000003814697265625,
          0,
          1
        ]
      },
      "Bip01-R-Finger1": {
        "name": "Bip01-R-Finger1",
        "matrix": [
          0.5678205490112306,
          0.8229864835739135,
          0.01652179658412934,
          0,
          -0.8097487840897198,
          0.5620694471295844,
          -0.1684779654764122,
          0,
          -0.14794152370248748,
          0.08228676744086422,
          0.9855671413558489,
          0,
          3.770639419555664,
          -0.17337799072265625,
          1.3427467346191406,
          1
        ],
        "children": [
          "Bip01-R-Finger11"
        ],
        "jointName": "Bip01-R-Finger1"
      },
      "Bip01-L-Finger2Nub": {
        "name": "Bip01-L-Finger2Nub",
        "matrix": [
          1,
          -0.00000038743019104003906,
          -0.0000026524066925048824,
          0,
          0.00000038743218366832837,
          0.9999999403953672,
          0.0000007599592208861296,
          0,
          0.000002652406081881487,
          -0.0000007599602032164592,
          0.999999880790578,
          0,
          1.3300132751464844,
          0,
          -0.000003814697265625,
          1
        ]
      },
      "Bip01-L-Finger3": {
        "name": "Bip01-L-Finger3",
        "matrix": [
          0.02700477838516269,
          0.9921609163284303,
          -0.12201350927352904,
          0,
          -0.9873037331158491,
          0.00735924138680295,
          -0.15867396117935498,
          0,
          -0.1565321610322761,
          0.12474933654121372,
          0.9797628184537623,
          0,
          3.849257469177246,
          0.159698486328125,
          0.8913240432739258,
          1
        ],
        "children": [
          "Bip01-L-Finger31"
        ],
        "jointName": "Bip01-L-Finger3"
      },
      "Bip01-L-Finger31": {
        "name": "Bip01-L-Finger31",
        "matrix": [
          0.5153220891952515,
          0.8569964170455934,
          0.00000008940696716308592,
          0,
          -0.8569965572443425,
          0.5153221734984282,
          -0.00000008940696716308624,
          0,
          -0.00000012269484350021577,
          -0.00000003054807802952198,
          0.9999998807907136,
          0,
          1.8866195678710938,
          0,
          -0.00000095367431640625,
          1
        ],
        "children": [
          "Bip01-L-Finger32"
        ],
        "jointName": "Bip01-L-Finger31"
      },
      "Bip01-L-Finger32": {
        "name": "Bip01-L-Finger32",
        "matrix": [
          0.6758251786231994,
          0.7370620965957643,
          0.00000004470348358154297,
          0,
          -0.7370620669052029,
          0.6758251513993965,
          0.00000009685754776000942,
          0,
          0.00000004117828182724918,
          -0.00000009840799518499721,
          0.9999999999999963,
          0,
          1.1787986755371094,
          -0.000003814697265625,
          0.000000476837158203125,
          1
        ],
        "children": [
          "Bip01-L-Finger3Nub"
        ],
        "jointName": "Bip01-L-Finger32"
      },
      "Bip01-L-Finger3Nub": {
        "name": "Bip01-L-Finger3Nub",
        "matrix": [
          0.9999999403953552,
          -0.0000004768371582031249,
          -0.0000024735927581787114,
          0,
          0.0000004768392891653253,
          1.0000001192092896,
          0.0000008270144462584785,
          0,
          0.000002473592363826779,
          -0.0000008270154778826069,
          0.9999999403952751,
          0,
          1.1051864624023438,
          -0.0000019073486328125,
          -0.000005245208740234375,
          1
        ]
      },
      "Bip01-L-Finger4": {
        "name": "Bip01-L-Finger4",
        "matrix": [
          0.023617893457411974,
          0.9850456714630129,
          -0.17066650092601784,
          0,
          -0.9358568713369618,
          -0.03825332831966753,
          -0.3502986411192736,
          0,
          -0.35158869074563887,
          0.16799271872232488,
          0.92095821571922,
          0,
          3.5281753540039062,
          0.3224029541015625,
          1.7764935493469238,
          1
        ],
        "children": [
          "Bip01-L-Finger41"
        ],
        "jointName": "Bip01-L-Finger4"
      },
      "Bip01-L-Finger41": {
        "name": "Bip01-L-Finger41",
        "matrix": [
          0.6758251786231995,
          0.7370622754096985,
          0.00000004284083843231202,
          0,
          -0.7370623617911215,
          0.675825257827823,
          0.000000014901161193847643,
          0,
          -0.000000017969825282299814,
          -0.00000004164692254870647,
          0.9999999403953546,
          0,
          1.4410400390625,
          0,
          0,
          1
        ],
        "children": [
          "Bip01-L-Finger42"
        ],
        "jointName": "Bip01-L-Finger41"
      },
      "Bip01-L-Finger42": {
        "name": "Bip01-L-Finger42",
        "matrix": [
          0.6758251786231995,
          0.7370621562004089,
          -0.0000000521540641784668,
          0,
          -0.7370621238195649,
          0.6758251489326329,
          -0.00000006332993507385254,
          0,
          -0.000000011431070171676395,
          0.00000008124074903299043,
          1.0000002384185793,
          0,
          0.9404706954956055,
          -0.00000762939453125,
          -0.00000095367431640625,
          1
        ],
        "children": [
          "Bip01-L-Finger4Nub"
        ],
        "jointName": "Bip01-L-Finger42"
      },
      "Bip01-L-Finger4Nub": {
        "name": "Bip01-L-Finger4Nub",
        "matrix": [
          0.9999999403953552,
          -0.0000005066394805908204,
          -0.0000026673078536987305,
          0,
          0.0000005066409702881798,
          0.9999998211860976,
          0.0000005811452865600951,
          0,
          0.0000026673067643473697,
          -0.0000005811465340103484,
          0.9999996423721944,
          0,
          0.9055900573730469,
          0.00000762939453125,
          -0.00000476837158203125,
          1
        ]
      },
      "Bip01-LUpArmTwist": {
        "name": "Bip01-LUpArmTwist",
        "matrix": [
          0.6085903644561769,
          0.011454299092292815,
          -0.7934018373489379,
          0,
          -0.19574943681068677,
          0.9711591510941455,
          -0.13613186738860067,
          0,
          0.7689603722651076,
          0.23815657144430927,
          0.5932804382986063,
          0,
          6.956830978393555,
          0.0000152587890625,
          0.000011444091796875,
          1
        ],
        "children": [
          "Bip01-LUpArmTwist1"
        ],
        "jointName": "Bip01-LUpArmTwist"
      },
      "Bip01-R-Finger3Nub": {
        "name": "Bip01-R-Finger3Nub",
        "matrix": [
          -0.9999999403953551,
          -0.0006903633475302861,
          -0.0000009192153811454773,
          0,
          0.0006903632650037987,
          -0.9999998212118413,
          0.00000026822090148925527,
          0,
          -0.0000009194002772719932,
          0.00000026758626112766784,
          1.00000011920928,
          0,
          1.105184555053711,
          0.00000762939453125,
          0.0000019073486328125,
          1
        ]
      },
      "Bip01-R-Finger4": {
        "name": "Bip01-R-Finger4",
        "matrix": [
          0.4815999865531922,
          0.8760608434677123,
          -0.02405464649200437,
          0,
          -0.8027745006790591,
          0.45199084315367494,
          0.3889182309837754,
          0,
          0.35158852687644315,
          -0.16799256441253937,
          0.9209581253984375,
          0,
          3.5281810760498047,
          0.3223991394042969,
          -1.7764911651611328,
          1
        ],
        "children": [
          "Bip01-R-Finger41"
        ],
        "jointName": "Bip01-R-Finger4"
      },
      "Bip01-R-Finger41": {
        "name": "Bip01-R-Finger41",
        "matrix": [
          0.6805816292762756,
          0.732672095298767,
          0.00000008940696716308595,
          0,
          -0.7326721227454028,
          0.680581654771552,
          -0.00000001490116119384766,
          0,
          -0.00000007176641739024674,
          -0.000000055364544138533026,
          0.9999999403953551,
          0,
          1.4410438537597656,
          -0.000003814697265625,
          0.000003814697265625,
          1
        ],
        "children": [
          "Bip01-R-Finger42"
        ],
        "jointName": "Bip01-R-Finger41"
      },
      "Bip01-R-Finger42": {
        "name": "Bip01-R-Finger42",
        "matrix": [
          0.485226482152939,
          0.8743887543678285,
          -0.0000000037252902984619124,
          0,
          -0.8743886176546795,
          0.48522640628640895,
          -0.00000005960464477539077,
          0,
          -0.000000050310013967802984,
          0.000000032179098480693644,
          1.000000119209292,
          0,
          0.9404716491699219,
          -0.00000095367431640625,
          0.0000019073486328125,
          1
        ],
        "children": [
          "Bip01-R-Finger4Nub"
        ],
        "jointName": "Bip01-R-Finger42"
      },
      "Bip01-R-Finger4Nub": {
        "name": "Bip01-R-Finger4Nub",
        "matrix": [
          -0.9999995827674868,
          -0.0006904304027556457,
          -0.0000009201467037200928,
          0,
          0.0006904305262127318,
          -0.9999997615196106,
          -0.00000004470348358153902,
          0,
          -0.0000009201157295135375,
          -0.00000004533876771671144,
          0.9999999403952669,
          0,
          0.9055862426757812,
          0.000003814697265625,
          -0.0000019073486328125,
          1
        ]
      },
      "Bone14": {
        "name": "Bone14",
        "matrix": [
          0.3243980407714847,
          -0.0030608177185058754,
          0.9459156990051267,
          0,
          -0.22192018776599265,
          0.9718387630880706,
          0.0792513492516974,
          0,
          -0.9195202010489757,
          -0.2356267935381032,
          0.3145833622578036,
          0,
          0.7691001892089844,
          1.5118370056152344,
          -6.213184356689453,
          1
        ],
        "children": [
          "dg01"
        ],
        "jointName": "Bone14"
      },
      "dg01": {
        "name": "dg01",
        "matrix": [
          0.9999999999999999,
          0.000000029802322387695306,
          -0.00000003352761268615722,
          0,
          -0.00000002980235622174202,
          1.0000002384185804,
          -0.0000007972121238708637,
          0,
          0.000000033527592924190776,
          0.0000007972120298350092,
          1.0000001192093069,
          0,
          45.62898254394531,
          0,
          -0.00009679794311523438,
          1
        ]
      },
      "Bip01-RUpArmTwist": {
        "name": "Bip01-RUpArmTwist",
        "matrix": [
          0.8762072324752808,
          0.05998623371124267,
          0.4781867563724518,
          0,
          0.02967931715365238,
          0.983623742529093,
          -0.17777388209811285,
          0,
          -0.4810197872841758,
          0.16995900163968744,
          0.8600778058104366,
          0,
          6.956835746765137,
          0.00000667572021484375,
          0,
          1
        ],
        "children": [
          "Bip01-RUpArmTwist1"
        ],
        "jointName": "Bip01-RUpArmTwist"
      },
      "Bip01-RUpArmTwist1": {
        "name": "Bip01-RUpArmTwist1",
        "matrix": [
          0.9999999403953552,
          0.0000006556510925292969,
          0.00000005960464477539063,
          0,
          -0.0000006358521255966809,
          0.9383851891257404,
          0.34559073895937364,
          0,
          0.00000017065486072595844,
          -0.3455907811778885,
          0.9383853037623123,
          0,
          5.29603385925293,
          0.0000095367431640625,
          0,
          1
        ],
        "jointName": "Bip01-RUpArmTwist1"
      },
      "Bip01-L-Thigh": {
        "name": "Bip01-L-Thigh",
        "matrix": [
          -0.9462864995002743,
          -0.21091328561306008,
          0.24506565928459162,
          0,
          0.10855416839385422,
          0.5067054024749577,
          0.8552575089521856,
          0,
          -0.3045613314976567,
          0.8359217162843882,
          -0.45659306528651206,
          0,
          -3.13165283203125,
          -1.4532599449157715,
          3.756291389465332,
          1
        ],
        "children": [
          "Bip01-L-Calf"
        ],
        "jointName": "Bip01-L-Thigh"
      },
      "Bip01-Spine2": {
        "name": "Bip01-Spine2",
        "matrix": [
          0.9849908947944642,
          0.17256028950214386,
          0.003961718175560235,
          0,
          -0.17260384827214262,
          0.9848300757707172,
          0.017834678288910524,
          0,
          -0.0008240617645123995,
          -0.018250799148402247,
          0.9998329875967527,
          0,
          7.320865631103516,
          -0.0052700042724609375,
          -0.00009441375732421875,
          1
        ],
        "children": [
          "Bip01-Neck"
        ],
        "jointName": "Bip01-Spine2"
      },
      "Bip01-Neck": {
        "name": "Bip01-Neck",
        "matrix": [
          0.9316656589508057,
          0.3633170425891877,
          0.0000009746290743350985,
          0,
          -0.36331705045684887,
          0.9316656791264227,
          -0.00000011874362826346474,
          0,
          -0.0000009511698566539703,
          -0.00000024346995238916413,
          0.999999999999926,
          0,
          7.135276794433594,
          -1.8605146408081055,
          -0.000002115964889526367,
          1
        ],
        "children": [
          "Bip01-Head",
          "Bip01-L-Clavicle",
          "Bip01-R-Clavicle"
        ],
        "jointName": "Bip01-Neck"
      },
      "Bip01-Head": {
        "name": "Bip01-Head",
        "matrix": [
          0.9636614918708801,
          -0.22777324914932257,
          0.13955545425415042,
          0,
          0.11442220361396595,
          0.824047451269589,
          0.5548453437734516,
          0,
          -0.24137926069784132,
          -0.5187148869198965,
          0.8201651730964112,
          0,
          2.4464492797851562,
          0,
          0.0000012814998626708984,
          1
        ],
        "children": [
          "Bip01-HeadNub",
          "Bone11"
        ],
        "jointName": "Bip01-Head"
      },
      "Bip01-HeadNub": {
        "name": "Bip01-HeadNub",
        "matrix": [
          0.9999999403953552,
          -0.00000000000000000000000000000019721521455030944,
          0.0000000074505805969238265,
          0,
          0.0000000000000032890359064938452,
          1.0000000000000004,
          -0.00000044144690036773713,
          0,
          -0.00000000745058104101307,
          0.0000004414469003677372,
          1.0000000000000007,
          0,
          9.019603729248047,
          0,
          0.000000476837158203125,
          1
        ]
      },
      "Bone11": {
        "name": "Bone11",
        "matrix": [
          0.2305772304534912,
          0.9730539917945864,
          0.00046676397323608404,
          0,
          0.9730537861604346,
          -0.23057689838541587,
          -0.0005906745791437105,
          0,
          -0.0004671334018830462,
          0.0005903827293421392,
          -0.9999999403946219,
          0,
          3.9594268798828125,
          1.7774276733398438,
          -0.0000035762786865234375,
          1
        ],
        "jointName": "Bone11"
      },
      "Bip01-L-Clavicle": {
        "name": "Bip01-L-Clavicle",
        "matrix": [
          -0.1735081523656853,
          -0.13626098632812528,
          0.9753603935241699,
          0,
          -0.3573379844715751,
          -0.9141779866055881,
          -0.19128093454356038,
          0,
          0.917716915497774,
          -0.38172202964653607,
          0.10992608153027944,
          0,
          -2.336193084716797,
          1.0613727569580078,
          1.1274309158325195,
          1
        ],
        "children": [
          "Bip01-L-UpperArm",
          "Bip01-LUpArmTwist"
        ],
        "jointName": "Bip01-L-Clavicle"
      },
      "Bip01-L-UpperArm": {
        "name": "Bip01-L-UpperArm",
        "matrix": [
          0.608590304851532,
          0.011454313993453995,
          -0.7934020161628725,
          0,
          -0.1322272798233037,
          0.9873787087547283,
          -0.08717206834350608,
          0,
          0.7823898391981899,
          0.15796148163726426,
          0.6024237415875103,
          0,
          6.956830978393555,
          0.0000152587890625,
          0.000011444091796875,
          1
        ],
        "children": [
          "Bip01-L-Forearm"
        ]
      },
      "Bip01-L-Forearm": {
        "name": "Bip01-L-Forearm",
        "matrix": [
          0.8862306475639343,
          -0.46324437856674194,
          0,
          0,
          0.46324439024603453,
          0.8862306699075342,
          -0.00000005960464477539057,
          0,
          0.000000027611512758438005,
          0.000000052823455532995335,
          0.9999999999999991,
          0,
          10.592079162597656,
          0.0000286102294921875,
          0.00000762939453125,
          1
        ],
        "children": [
          "Bip01-L-Hand"
        ],
        "jointName": "Bip01-L-Forearm"
      },
      "Bip01-L-Hand": {
        "name": "Bip01-L-Hand",
        "matrix": [
          0.9833734631538392,
          -0.17917948961257926,
          -0.029518455266952504,
          0,
          0.003646163562356285,
          0.18200070733194437,
          -0.9832917439897967,
          0,
          0.18155804834477926,
          0.9668351429729013,
          0.17962793984021252,
          0,
          9.287904739379883,
          0.00002765655517578125,
          0.000003814697265625,
          1
        ],
        "children": [
          "Bip01-L-Finger0",
          "Bip01-L-Finger1",
          "Bip01-L-Finger2",
          "Bip01-L-Finger3",
          "Bip01-L-Finger4"
        ],
        "jointName": "Bip01-L-Hand"
      },
      "Bip01-L-Finger0": {
        "name": "Bip01-L-Finger0",
        "matrix": [
          0.7912255525588989,
          0.5057057738304139,
          -0.3438369631767274,
          0,
          0.2934268941879515,
          0.17935032196767406,
          0.9390071005279086,
          0,
          0.5365286719627638,
          -0.8438575649628102,
          -0.006481118068714444,
          0,
          1.685750961303711,
          1.1524810791015625,
          -2.3031363487243652,
          1
        ],
        "children": [
          "Bip01-L-Finger01"
        ],
        "jointName": "Bip01-L-Finger0"
      },
      "Bip01-R-Finger11": {
        "name": "Bip01-R-Finger11",
        "matrix": [
          0.6686076521873475,
          0.7436152696609496,
          -0.00000011920928955078125,
          0,
          -0.7436153718631446,
          0.6686077440805257,
          0.0000000074505805969237884,
          0,
          0.00000008524461972141897,
          0.00000008366434503907636,
          0.9999999999999956,
          0,
          1.7271041870117188,
          0.000011444091796875,
          -0.00000286102294921875,
          1
        ],
        "children": [
          "Bip01-R-Finger12"
        ],
        "jointName": "Bip01-R-Finger11"
      },
      "Bip01-R-Finger12": {
        "name": "Bip01-R-Finger12",
        "matrix": [
          0.791055917739868,
          0.6117441654205322,
          0.00000004470348358154296,
          0,
          -0.6117441208087476,
          0.7910558600516784,
          -0.00000005960464477539049,
          0,
          -0.00000007182572362887613,
          0.00000001980350745593114,
          0.9999999999999977,
          0,
          1.0268211364746094,
          -0.00000762939453125,
          -0.00000667572021484375,
          1
        ],
        "children": [
          "Bip01-R-Finger1Nub"
        ],
        "jointName": "Bip01-R-Finger12"
      },
      "Bip01-R-Finger1Nub": {
        "name": "Bip01-R-Finger1Nub",
        "matrix": [
          -0.999999761581421,
          -0.0006903111934665879,
          -0.0000007152557373046875,
          0,
          0.0006903111115161363,
          -0.9999996424339107,
          -0.00000041723251342773035,
          0,
          -0.0000007149676319164765,
          -0.0000004177262626311502,
          1.0000001192092798,
          0,
          1.0072479248046875,
          0.000003814697265625,
          0.00000476837158203125,
          1
        ]
      },
      "Bip01-R-Finger2": {
        "name": "Bip01-R-Finger2",
        "matrix": [
          0.5891978740692139,
          0.8079882860183716,
          0.0007958114147186245,
          0,
          -0.8059343449545985,
          0.5876293451699014,
          0.07184524829590583,
          0,
          0.05758248098938723,
          -0.042972442369424255,
          0.9974155419687248,
          0,
          3.91046142578125,
          -0.019863128662109375,
          0.2563133239746094,
          1
        ],
        "children": [
          "Bip01-R-Finger21"
        ],
        "jointName": "Bip01-R-Finger2"
      },
      "Bip01-R-Finger21": {
        "name": "Bip01-R-Finger21",
        "matrix": [
          0.6123411655426025,
          0.7905939221382143,
          -0.00000002980232238769532,
          0,
          -0.7905939221382144,
          0.6123411655426023,
          -0.000000014901161193847712,
          0,
          0.000000006468419196684029,
          0.000000032686118456872965,
          1.0000001192092933,
          0,
          2.277261734008789,
          0,
          0.00000286102294921875,
          1
        ],
        "children": [
          "Bip01-R-Finger22"
        ],
        "jointName": "Bip01-R-Finger21"
      },
      "Bip01-R-Finger22": {
        "name": "Bip01-R-Finger22",
        "matrix": [
          0.7635883092880249,
          0.6457031369209288,
          0.0000000000000000000000033087218664059696,
          0,
          -0.6457031708461328,
          0.7635883494069088,
          0.000000059604644775390565,
          0,
          0.00000003848691537204342,
          -0.00000004551342088686295,
          0.9999999403953541,
          0,
          1.1479644775390625,
          0.0000019073486328125,
          0,
          1
        ],
        "children": [
          "Bip01-R-Finger2Nub"
        ],
        "jointName": "Bip01-R-Finger22"
      },
      "Bip01-R-Finger2Nub": {
        "name": "Bip01-R-Finger2Nub",
        "matrix": [
          -0.9999998807907106,
          0.0000000000000001224646653158112,
          -0.0000006854534149169922,
          0,
          0.0000000000002348007553576973,
          -0.9999998211860729,
          -0.00000034272670745849657,
          0,
          -0.0000006854534149169931,
          -0.0000003427267278867629,
          0.9999998807907118,
          0,
          1.3300056457519531,
          -0.0000019073486328125,
          0.0000019073486328125,
          1
        ]
      },
      "Bip01-R-Finger3": {
        "name": "Bip01-R-Finger3",
        "matrix": [
          0.39230519533157326,
          0.9182348847389221,
          0.05423852801322936,
          0,
          -0.90641830748479,
          0.375875844772947,
          0.19267296793441055,
          0,
          0.15653205222789626,
          -0.1247493726000229,
          0.9797627331028675,
          0,
          3.8492565155029297,
          0.15970611572265625,
          -0.8913202285766602,
          1
        ],
        "children": [
          "Bip01-R-Finger31"
        ],
        "jointName": "Bip01-R-Finger3"
      },
      "Bip01-R-Finger31": {
        "name": "Bip01-R-Finger31",
        "matrix": [
          0.5015463829040528,
          0.8651306629180908,
          -0.00000005960464477539064,
          0,
          -0.8651305995584102,
          0.5015463461722378,
          -0.000000014901161193847683,
          0,
          0.000000017003042310805436,
          0.00000005903943241166822,
          0.9999998807907118,
          0,
          1.8866157531738281,
          -0.00000762939453125,
          -0.00000476837158203125,
          1
        ],
        "children": [
          "Bip01-R-Finger32"
        ],
