{
    "asset": {
      "generator": "tmx:FBX2GLTF",
      "premultipliedAlpha": true,
      "profile": {
        "api": "WebGL",
        "version": "1.0.2"
      },
      "version": "1.0"
    },
    "scene": "test",
    "scenes": {
      "test": {
        "nodes": [
          "RootNode"
        ]
      }
    },
    "nodes": {
      "RootNode": {
        "name": "RootNode",
        "children": [
          "Sky001",
          "Bip01",
          "K_ChangLeBangGaoShou001"
        ]
      },
      "Bip01-Spine1": {
        "name": "Bip01-Spine1",
        "matrix": [
          0.9996344447135925,
          -0.027041122317314144,
          -0.00011082179844379388,
          0,
          0.02676253902378153,
          0.9899063715155167,
          -0.13917332954875267,
          0,
          0.003873106622065612,
          0.13911950213996296,
          0.9902682948262295,
          0,
          7.109081268310547,
          -0.0057697296142578125,
          0.0008134841918945312,
          1
        ],
        "children": [
          "Bip01-Spine2"
        ],
        "jointName": "Bip01-Spine1"
      },
      "Bip01-Spine": {
        "name": "Bip01-Spine",
        "matrix": [
          0.9945985674858093,
          -0.08239659667015077,
          -0.06312326341867448,
          0,
          0.03065307855572211,
          0.8141853677484228,
          -0.579795678461811,
          0,
          0.09916721071304552,
          0.574728928059217,
          0.8123131672819303,
          0,
          3.1581344604492188,
          -0.004608154296875,
          0.003286123275756836,
          1
        ],
        "children": [
          "Bip01-Spine1",
          "Bip01-L-Thigh",
          "Bip01-R-Thigh"
        ],
        "jointName": "Bip01-Spine"
      },
      "Bip01": {
        "name": "Bip01",
        "matrix": [
          1.7500276279449465,
          -0.7300518834590919,
          1.689978301525116,
          0,
          1.7644302434864756,
          -0.00000025548039693237053,
          -1.8271251514947442,
          0,
          0.5251561575904251,
          2.432822265420436,
          0.5071359149696231,
          0,
          0.0000000000000000000011767956713747207,
          86.9435302734375,
          -0.0000000000000000000012186103572393095,
          1
        ],
        "children": [
          "Bip01-Pelvis"
        ]
      },
      "Sky001": {
        "name": "Sky001",
        "matrix": [
          2.54,
          0,
          0,
          0,
          0,
          2.5400000000000005,
          -0.00000000000000000000000000000012523166870383563,
          0,
          0,
          0.00000000000000000000000000000012523166870383563,
          2.5400000000000005,
          0,
          0,
          0,
          0,
          1
        ]
      },
      "Bip01-Pelvis": {
        "name": "Bip01-Pelvis",
        "matrix": [
          0.0000000000000002775557396129517,
          -0.00000000000000005551114792259034,
          0.9999999403963452,
          0,
          0.987688125867286,
          0.15643613465168166,
          -0.00000000000000016653346187089815,
          0,
          -0.15643611550347628,
          0.9876880049715929,
          0.00000000000000022204458864900378,
          0,
          0,
          -0.0000002325796231161803,
          0,
          1
        ],
        "children": [
          "Bip01-Spine",
          "Bone04",
          "Bone15",
          "Bone09",
          "Bone12",
          "Bone01",
          "Bone17"
        ],
        "jointName": "Bip01-Pelvis"
      },
      "Bip01-LUpArmTwist1": {
        "name": "Bip01-LUpArmTwist1",
        "matrix": [
          0.9999998807907104,
          0.000002679415047168732,
          -0.00000020861625671386721,
          0,
          -0.0000026158895345039352,
          0.988211214608035,
          0.15309821026969367,
          0,
          0.0000006163707188090169,
          -0.15309822830362924,
          0.988211331023176,
          0,
          5.296038627624512,
          0.000015020370483398438,
          -0.000003814697265625,
          1
        ],
        "jointName": "Bip01-LUpArmTwist1"
      },
      "Bip01-R-Clavicle": {
        "name": "Bip01-R-Clavicle",
        "matrix": [
          -0.44405955076217624,
          -0.06683698296546942,
          -0.8935011029243473,
          0,
          -0.30953268863252004,
          -0.9243751171506054,
          0.22298057603621485,
          0,
          -0.840833288561161,
          0.3755843427367959,
          0.38978925367509554,
          0,
          -2.472503662109375,
          0.9452686309814453,
          -0.9209351539611816,
          1
        ],
        "children": [
          "Bip01-R-UpperArm",
          "Bip01-RUpArmTwist"
        ],
        "jointName": "Bip01-R-Clavicle"
      },
      "Bip01-R-UpperArm": {
        "name": "Bip01-R-UpperArm",
        "matrix": [
          0.8309316635131836,
          -0.5179662108421327,
          0.20313493907451635,
          0,
          0.555690513570929,
          0.7545197083348522,
          -0.34915277908964376,
          0,
          0.02758003322965758,
          0.40300234909471694,
          0.9147834325124854,
          0,
          6.956838607788086,
          0.0000133514404296875,
          0,
          1
        ],
        "children": [
          "Bip01-R-Forearm"
        ]
      },
      "Bip01-R-Forearm": {
        "name": "Bip01-R-Forearm",
        "matrix": [
          0.9356938600540162,
          -0.3528132438659668,
          -0.00000005960464477539064,
          0,
          0.3528132316084007,
          0.9356938275457796,
          0.00000011920928955078151,
          0,
          0.000000013713078371681737,
          -0.00000013257267194003185,
          0.9999998807907127,
          0,
          10.59207534790039,
          0.000011444091796875,
          0.000003814697265625,
          1
        ],
        "children": [
          "Bip01-R-Hand"
        ],
        "jointName": "Bip01-R-Forearm"
      },
      "Bip01-R-Hand": {
        "name": "Bip01-R-Hand",
        "matrix": [
          0.959196925163269,
          0.2819525897502899,
          0.021071106195449815,
          0,
          0.017652583153664195,
          -0.13409977873086262,
          0.9908106495344923,
          0,
          0.2821872315718263,
          -0.9500104757603178,
          -0.1336052738471053,
          0,
          9.287904739379883,
          0.000011444091796875,
          0.000003814697265625,
          1
        ],
        "children": [
          "Bip01-R-Finger0",
          "Bip01-R-Finger1",
          "Bip01-R-Finger2",
          "Bip01-R-Finger3",
          "Bip01-R-Finger4",
          "Bone14"
        ],
        "jointName": "Bip01-R-Hand"
      },
      "Bip01-R-Finger0": {
        "name": "Bip01-R-Finger0",
        "matrix": [
          0.7558366656303407,
          0.552654266357422,
          0.35111838579177845,
          0,
          0.4478401940295148,
          -0.045154691990123695,
          -0.8929726226357512,
          0,
          -0.47765059544669086,
          0.8321865644186407,
          -0.2816304296043192,
          0,
          1.685750961303711,
          1.1524696350097656,
          2.3031444549560547,
          1
        ],
        "children": [
          "Bip01-R-Finger01"
        ],
        "jointName": "Bip01-R-Finger0"
      },
      "Bip01-R-Finger01": {
        "name": "Bip01-R-Finger01",
        "matrix": [
          0.9643635749816895,
          0.2645805776119232,
          -0.00000002980232238769532,
          0,
          -0.26458057761192144,
          0.9643635749816899,
          0.00000005960464477539049,
          0,
          0.0000000445105060910785,
          -0.00000004959543330420993,
          0.9999999999999978,
          0,
          1.2276668548583984,
          0.00000095367431640625,
          0,
          1
        ],
        "children": [
          "Bip01-R-Finger02"
        ],
        "jointName": "Bip01-R-Finger01"
      },
      "Bip01-R-Finger02": {
        "name": "Bip01-R-Finger02",
        "matrix": [
          0.9843354821205139,
          0.17630453407764432,
          0.00000008940696716308595,
          0,
          -0.17630456788859863,
          0.9843356708922635,
          0.00000007450580596923787,
          0,
          -0.00000007487076000860821,
          -0.00000008910157040103997,
          0.999999880790705,
          0,
          0.9520988464355469,
          0,
          0.000003814697265625,
          1
        ],
        "children": [
          "Bip01-R-Finger0Nub"
        ],
        "jointName": "Bip01-R-Finger02"
      },
      "Bip01-R-Finger0Nub": {
        "name": "Bip01-R-Finger0Nub",
        "matrix": [
          -0.9999996423721316,
          -0.0006904006004332751,
          -0.0000008344650268554688,
          0,
          0.0006904006829432765,
          -0.9999997615402147,
          -0.00000028312206268311076,
          0,
          -0.0000008342694598676353,
          -0.0000002836981105385579,
          1.0000000000000184,
          0,
          0.8882236480712891,
          -0.0000019073486328125,
          -0.000003814697265625,
          1
        ]
      },
      "Bip01-R-Finger1": {
        "name": "Bip01-R-Finger1",
        "matrix": [
          0.7061200141906738,
          0.7008793950080873,
          0.10080906748771669,
          0,
          -0.6907073556757398,
          0.7131209048103794,
          -0.11992433658049009,
          0,
          -0.15594159214032682,
          0.015051413893503911,
          0.9876517645942924,
          0,
          3.7706546783447266,
          -0.173370361328125,
          1.3427543640136719,
          1
        ],
        "children": [
          "Bip01-R-Finger11"
        ],
        "jointName": "Bip01-R-Finger1"
      },
      "Bip01-Spine2": {
        "name": "Bip01-Spine2",
        "matrix": [
          0.9990197420120239,
          0.04426701366901397,
          -0.00008301064372062636,
          0,
          -0.04403317936685455,
          0.9935465457496968,
          -0.10452839722535315,
          0,
          -0.004544685161154361,
          0.10442959019547378,
          0.9945218553912938,
          0,
          7.3201751708984375,
          -0.005314350128173828,
          0.0005590915679931641,
          1
        ],
        "children": [
          "Bip01-Neck"
        ],
        "jointName": "Bip01-Spine2"
      },
      "Bip01-Neck": {
        "name": "Bip01-Neck",
        "matrix": [
          0.9392384886741639,
          0.32854542136192305,
          0.0994422808289528,
          0,
          -0.333382930797757,
          0.9420939802015809,
          0.03625637258451971,
          0,
          -0.08177213429942769,
          -0.06720576046224161,
          0.994382670025009,
          0,
          7.135219573974609,
          -1.8605365753173828,
          -0.00007224082946777344,
          1
        ],
        "children": [
          "Bip01-Head",
          "Bip01-L-Clavicle",
          "Bip01-R-Clavicle"
        ],
        "jointName": "Bip01-Neck"
      },
      "Bip01-Head": {
        "name": "Bip01-Head",
        "matrix": [
          0.9831362962722778,
          -0.09290808439254762,
          -0.15751603245735166,
          0,
          0.0769918501368631,
          0.9915602095498296,
          -0.10430987237372516,
          0,
          0.16587789323309127,
          0.09042338862688112,
          0.9819921905848131,
          0,
          2.4464454650878906,
          0.0000095367431640625,
          0.000000476837158203125,
          1
        ],
        "children": [
          "Bip01-HeadNub",
          "Bone11"
        ],
        "jointName": "Bip01-Head"
      },
      "Bip01-HeadNub": {
        "name": "Bip01-HeadNub",
        "matrix": [
          0.9999999403953552,
          0.000000029802322387695306,
          0.0000000074505805969238265,
          0,
          -0.000000029802322679128856,
          0.9999999999999994,
          -0.00000019930303096771232,
          0,
          -0.000000007450586980706589,
          0.00000019930303074566756,
          0.9999999999999997,
          0,
          9.019607543945312,
          -0.000003814697265625,
          -0.0000002384185791015625,
          1
        ]
      },
      "Bone11": {
        "name": "Bone11",
        "matrix": [
          0.23057749867439262,
          0.9730537533760072,
          0.0003973143175244331,
          0,
          0.9730537592843375,
          -0.23057729492685555,
          -0.0005024224519760148,
          0,
          -0.0003972724767100157,
          0.0005024556095442531,
          -0.9999997615878912,
          0,
          3.9594650268554688,
          1.7774181365966797,
          -0.000000476837158203125,
          1
        ],
        "jointName": "Bone11"
      },
      "Bip01-L-Clavicle": {
        "name": "Bip01-L-Clavicle",
        "matrix": [
          -0.26708745956420943,
          -0.17268531024456032,
          0.948074042797089,
          0,
          -0.34371624535286577,
          -0.9020368402555093,
          -0.26113024850188526,
          0,
          0.9002909295298962,
          -0.39561300244636044,
          0.1815679529256457,
          0,
          -2.248279571533203,
          1.027017593383789,
          1.321258544921875,
          1
        ],
        "children": [
          "Bip01-L-UpperArm",
          "Bip01-LUpArmTwist"
        ],
        "jointName": "Bip01-L-Clavicle"
      },
      "Bip01-L-UpperArm": {
        "name": "Bip01-L-UpperArm",
        "matrix": [
          0.842552125453949,
          -0.5143719315528871,
          -0.15977224707603457,
          0,
          0.5386023039164463,
          0.806607619098758,
          0.24349783901817254,
          0,
          0.003625058946626916,
          -0.29121339603573876,
          0.956651113885984,
          0,
          6.956831932067871,
          0.00001811981201171875,
          0.000011444091796875,
          1
        ],
        "children": [
          "Bip01-L-Forearm"
        ]
      },
      "Bip01-L-Forearm": {
        "name": "Bip01-L-Forearm",
        "matrix": [
          0.02714448422193514,
          -0.9996315240859988,
          -0.00000002980232238769532,
          0,
          0.9996314047623778,
          0.027144480981761327,
          0.00000005960464477539092,
          0,
          -0.00000005877372693855248,
          -0.00000003140928200785299,
          1.0000001192092944,
          0,
          10.59207534790039,
          0.0000286102294921875,
          -0.00000762939453125,
          1
        ],
        "children": [
          "Bip01-L-Hand"
        ],
        "jointName": "Bip01-L-Forearm"
      },
      "Bip01-L-Hand": {
        "name": "Bip01-L-Hand",
        "matrix": [
          0.9082037210464478,
          -0.254544883966446,
          -0.33222419023513794,
          0,
          -0.41657084838602976,
          -0.6264624521281861,
          -0.6587972484557953,
          0,
          -0.04043251669234349,
          0.7367171161097559,
          -0.6749915916381505,
          0,
          9.287901878356934,
          0.0000209808349609375,
          -0.000011444091796875,
          1
        ],
        "children": [
          "Bip01-L-Finger0",
          "Bip01-L-Finger1",
          "Bip01-L-Finger2",
          "Bip01-L-Finger3",
          "Bip01-L-Finger4"
        ],
        "jointName": "Bip01-L-Hand"
      },
      "Bip01-L-Finger0": {
        "name": "Bip01-L-Finger0",
        "matrix": [
          0.8068940043449402,
          0.5053842067718506,
          -0.305791974067688,
          0,
          0.3761340139735737,
          -0.040432619589003606,
          0.9256824813332681,
          0,
          0.4554613711898268,
          -0.8619464733758339,
          -0.2227170458305359,
          0,
          1.6857528686523438,
          1.1524734497070312,
          -2.3031387329101562,
          1
        ],
        "children": [
          "Bip01-L-Finger01"
        ],
        "jointName": "Bip01-L-Finger0"
      },
      "Bone02": {
        "name": "Bone02",
        "matrix": [
          0.986673593521118,
          0.1581371426582336,
          -0.03831098973751068,
          0,
          -0.15663204843098683,
          0.9868648628556077,
          0.03955218923347489,
          0,
          0.04406244392804683,
          -0.0330243749582358,
          0.9984829381315992,
          0,
          2.845705032348633,
          0.0000324249267578125,
          0.0000019073486328125,
          1
        ],
        "children": [
          "Bone03"
        ],
        "jointName": "Bone02"
      },
      "Bone03": {
        "name": "Bone03",
        "matrix": [
          0.9923548102378845,
          0.11686742305755617,
          -0.03967405855655671,
          0,
          -0.11681655715541227,
          0.9931468955786648,
          0.0036055296708380263,
          0,
          0.03982354330113531,
          0.0010566223824577683,
          0.99920630590564,
          0,
          9.3410005569458,
          0.0000057220458984375,
          0.000012874603271484375,
          1
        ],
        "children": [
          "Bone07"
        ],
        "jointName": "Bone03"
      },
      "Bone07": {
        "name": "Bone07",
        "matrix": [
          0.9894861578941346,
          0.13407582044601438,
          -0.054230675101280205,
          0,
          -0.13387491276204647,
          0.9909712090007216,
          0.00733726469525983,
          0,
          0.05472477615131291,
          0.000000005045444804909725,
          0.9985014767181654,
          0,
          9.64132308959961,
          0.0000095367431640625,
          0.00001621246337890625,
          1
        ],
        "jointName": "Bone07"
      },
      "Bone17": {
        "name": "Bone17",
        "matrix": [
          -0.9439163804054261,
          -0.12811951339244843,
          0.3043151497840881,
          0,
          0.25878502515051505,
          0.28534687021578115,
          0.9228259802463155,
          0,
          -0.20506740160389975,
          0.9498228114288173,
          -0.23618818551356163,
          0,
          -1.0284957885742188,
          -3.448592185974121,
          5.991360187530518,
          1
        ],
        "children": [
          "Bone18"
        ],
        "jointName": "Bone17"
      },
      "Bone18": {
        "name": "Bone18",
        "matrix": [
          0.9998563528060913,
          -0.009390756487846375,
          0.014111816883087155,
          0,
          0.009506397160995547,
          0.9999217993416513,
          -0.008149869727291604,
          0,
          -0.014034176570271792,
          0.008282849599411155,
          0.9998671992911684,
          0,
          6.447793960571289,
          -0.0000019073486328125,
          0,
          1
        ],
        "jointName": "Bone18"
      },
      "K_ChangLeBangGaoShou001": {
        "name": "K_ChangLeBangGaoShou001",
        "matrix": [
          2.54,
          0,
          0,
          0,
          0,
          0.0000000000000005639932965095795,
          -2.5400000000000005,
          0,
          0,
          2.5400000000000005,
          0.0000000000000005639932965095795,
          0,
          0,
          0,
          0,
          1
        ],
        "skin": "skin_K_ChangLeBangGaoShou001",
        "meshes": [
          "mesh_M_ChangLeBangGaoShou001_a_MI_96",
          "mesh_M_ChangLeBangGaoShou001_b_MI_97",
          "mesh_M_ChangLeBangGaoShou001_c_MI_98",
          "mesh_M_ChangLeBangGaoShou001_wq_MI_99"
        ]
      },
      "Bip01-L-Finger01": {
        "name": "Bip01-L-Finger01",
        "matrix": [
          0.9296392798423767,
          0.36847132444381697,
          -0.000000014901161193847655,
          0,
          -0.36847133290806694,
          0.9296393011973592,
          -0.00000003725290298461911,
          0,
          0.00000000012607856554427278,
          0.00000004012240893372255,
          1.0000002384185782,
          0,
          1.2276697158813477,
          0,
          -0.000003814697265625,
          1
        ],
        "children": [
          "Bip01-L-Finger02"
        ],
        "jointName": "Bip01-L-Finger01"
      },
      "Bip01-L-Finger02": {
        "name": "Bip01-L-Finger02",
        "matrix": [
          0.9999999403953552,
          0.000000029802322387695312,
          -0.0000000074505805969238265,
          0,
          -0.00000002980232438609686,
          0.9999999999999996,
          -0.00000002980232238769536,
          0,
          0.000000007450580152834595,
          0.00000002980232260974002,
          1.0000000000000016,
          0,
          0.9520950317382812,
          0,
          -0.0000019073486328125,
          1
        ],
        "children": [
          "Bip01-L-Finger0Nub"
        ],
        "jointName": "Bip01-L-Finger02"
      },
      "Bip01-L-Finger0Nub": {
        "name": "Bip01-L-Finger0Nub",
        "matrix": [
          0.9999999999999999,
          0.0000008642673492431642,
          -0.00000022351741790771484,
          0,
          -0.0000008642678474003561,
          0.9999998807908503,
          -0.000002689659595489465,
          0,
          0.0000002235151199673742,
          0.0000026896604299309017,
          1.0000001192092756,
          0,
          0.8882217407226562,
          -0.0000152587890625,
          0.000003814697265625,
          1
        ]
      },
      "Bip01-L-Finger1": {
        "name": "Bip01-L-Finger1",
        "matrix": [
          0.8999716639518739,
          0.42440462112426747,
          -0.09965881705284117,
          0,
          -0.41007860755052494,
          0.9017260977654931,
          0.13684284536995842,
          0,
          0.1479416397590554,
          -0.08228670517895689,
          0.9855668436703171,
          0,
          3.770648956298828,
          -0.17337417602539062,
          -1.3427391052246094,
          1
        ],
        "children": [
          "Bip01-L-Finger11"
        ],
        "jointName": "Bip01-L-Finger1"
      },
      "Bip01-L-Finger11": {
        "name": "Bip01-L-Finger11",
        "matrix": [
          0.29214417934417725,
          0.9563743472099304,
          -0.00000007450580596923827,
          0,
          -0.9563744017274236,
          0.2921441959976719,
          0.00000008940696716308571,
          0,
          0.00000010727294395140727,
          0.00000004513571017223532,
          0.9999999403953524,
          0,
          1.727102279663086,
          -0.000003814697265625,
          0.000003814697265625,
          1
        ],
        "children": [
          "Bip01-L-Finger12"
        ],
        "jointName": "Bip01-L-Finger11"
      },
      "Bip01-L-Finger12": {
        "name": "Bip01-L-Finger12",
        "matrix": [
          1,
          0.00000003725290298461914,
          -0.00000002980232238769531,
          0,
          -0.000000037252900764173065,
          0.9999999403953546,
          0,
          0,
          0.00000002980232238769527,
          0.000000000000001110223024625155,
          1,
          0,
          1.026824951171875,
          -0.0000057220458984375,
          -0.000003814697265625,
          1
        ],
        "children": [
          "Bip01-L-Finger1Nub"
        ],
        "jointName": "Bip01-L-Finger12"
      },
      "Bip01-L-Finger1Nub": {
        "name": "Bip01-L-Finger1Nub",
        "matrix": [
          1,
          -0.00000005215406417846679,
          -0.0000025033950805664067,
          0,
          0.00000005214958775923171,
          1.0000000000000038,
          -0.0000017881393432618458,
          0,
          0.000002503395173825312,
          0.0000017881392127109398,
          1.000000000000071,
          0,
          1.0072517395019531,
          0,
          0,
          1
        ]
      },
      "Bip01-L-Finger2": {
        "name": "Bip01-L-Finger2",
        "matrix": [
          0.548566997051239,
          0.8342621326446533,
          0.055500000715255744,
          0,
          -0.8335638385196362,
          0.5508654506681756,
          -0.04145178194271879,
          0,
          -0.0651547227956195,
          -0.02352372776913165,
          0.997597931722329,
          0,
          3.9104652404785156,
          -0.019863128662109375,
          -0.256317138671875,
          1
        ],
        "children": [
          "Bip01-L-Finger21"
        ],
        "jointName": "Bip01-L-Finger2"
      },
      "Bip01-L-Finger21": {
        "name": "Bip01-L-Finger21",
        "matrix": [
          0.27218282222747786,
          0.9622454643249512,
          -0.00000002980232238769532,
          0,
          -0.9622455747027999,
          0.2721828534491919,
          -0.00000005960464477539052,
          0,
          -0.00000004924262104132507,
          0.000000044900516093272883,
          0.9999999999999982,
          0,
          2.2772579193115234,
          0.00000095367431640625,
          -0.000011444091796875,
          1
        ],
        "children": [
          "Bip01-L-Finger22"
        ],
        "jointName": "Bip01-L-Finger21"
      },
      "Bip01-L-Finger22": {
        "name": "Bip01-L-Finger22",
        "matrix": [
          0.9504692554473876,
          0.3108188509941101,
          0.000000029802322387695312,
          0,
          -0.31081884811495814,
          0.950469246643075,
          0.000000029802322387695286,
          0,
          -0.000000019063060954070452,
          -0.00000003758930216006317,
          0.9999998211860649,
          0,
          1.1479663848876953,
          -0.00000762939453125,
          0,
          1
        ],
        "children": [
          "Bip01-L-Finger2Nub"
        ],
        "jointName": "Bip01-L-Finger22"
      },
      "Bone05": {
        "name": "Bone05",
        "matrix": [
          0.9763292074203491,
          -0.01715022325515747,
          0.21560876071453092,
          0,
          0.017043542750407422,
          0.9998520615785568,
          0.0023541598744850046,
          0,
          -0.21561723458300086,
          0.001376302062718815,
          0.9764770547194271,
          0,
          5.4605865478515625,
          -0.0000019073486328125,
          -0.000003814697265625,
          1
        ],
        "children": [
          "Bone06"
        ],
        "jointName": "Bone05"
      },
      "Bone06": {
        "name": "Bone06",
        "matrix": [
          0.9751094579696655,
          -0.20002043247222903,
          0.09567452967166902,
          0,
          0.1907704132198117,
          0.9767584328793318,
          0.09772308226741702,
          0,
          -0.11299751457554162,
          -0.07703883067274361,
          0.99060434670131,
          0,
          6.382328987121582,
          0.0000019073486328125,
          -0.000003814697265625,
          1
        ],
        "children": [
          "Bone08"
        ],
        "jointName": "Bone06"
      },
      "Bone08": {
        "name": "Bone08",
        "matrix": [
          0.9652789831161498,
          -0.16031447052955627,
          0.20624163746833793,
          0,
          0.15981362094433207,
          0.9869603790817794,
          0.019197389729310933,
          0,
          -0.20662997291800234,
          0.014429388051549438,
          0.9783126837136944,
          0,
          9.478670120239258,
          0.000003814697265625,
          -0.000008106231689453125,
          1
        ],
        "jointName": "Bone08"
      },
      "Bone15": {
        "name": "Bone15",
        "matrix": [
          -0.7501488924026487,
          0.6604183316230778,
          0.03353818878531447,
          0,
          -0.16149691078839043,
          -0.23214963617604326,
          0.9591796045352509,
          0,
          0.6412456130982518,
          0.7141111379472883,
          0.2808022868315689,
          0,
          -1.1393013000488281,
          5.67863130569458,
          5.9292311668396,
          1
        ],
        "children": [
          "Bone16"
        ],
        "jointName": "Bone15"
      },
      "Bone16": {
        "name": "Bone16",
        "matrix": [
          0.9953181147575378,
          0.008082479238510132,
          -0.09631523489952086,
          0,
          -0.008720798605571324,
          0.9999426604761898,
          -0.006208291293706855,
          0,
          0.0962595337544098,
          0.00701917054596819,
          0.9953315284347087,
          0,
          7.167568206787109,
          0.000005245208740234375,
          -0.0000057220458984375,
          1
        ],
        "jointName": "Bone16"
      },
      "Bone09": {
        "name": "Bone09",
        "matrix": [
          -0.5900487899780275,
          0.566851913928985,
          -0.5749109387397765,
          0,
          -0.20260354324022878,
          0.5853361071764538,
          0.7850691955318069,
          0,
          0.7815339536783138,
          0.5797080084489342,
          -0.23053061031664182,
          0,
          2.3817405700683594,
          4.906663417816162,
          -8.448016166687012,
          1
        ],
        "children": [
          "Bone10"
        ],
        "jointName": "Bone09"
      },
      "Bone10": {
        "name": "Bone10",
        "matrix": [
          0.9973814487457275,
          -0.03620654344558715,
          0.06260240077972415,
          0,
          0.04016339772920333,
          0.9971956658873513,
          -0.06314805125305134,
          0,
          -0.060140472224683855,
          0.06549702231162323,
          0.9960386714080347,
          0,
          7.204347610473633,
          0.000003814697265625,
          -0.0000019073486328125,
          1
        ],
        "jointName": "Bone10"
      },
      "Bone12": {
        "name": "Bone12",
        "matrix": [
          -0.9499770402908322,
          -0.1529690176248556,
          -0.2722947001457214,
          0,
          -0.2455257780902563,
          -0.17307362122846115,
          0.9538149426426155,
          0,
          -0.1930311468195108,
          0.9729575748627234,
          0.12685811770719507,
          0,
          -0.6788406372070312,
          -5.0180768966674805,
          -5.657459259033203,
          1
        ],
        "children": [
          "Bone13"
        ],
        "jointName": "Bone12"
      },
      "Bone13": {
        "name": "Bone13",
        "matrix": [
          0.9994864463806152,
          -0.005638748407363891,
          -0.03153932094573975,
          0,
          0.005186868483478091,
          0.9998828768461315,
          -0.0143910273703192,
          0,
          0.03161678617897624,
          0.014220051819404807,
          0.9993990049335258,
          0,
          6.511812210083008,
          0.00000858306884765625,
          -0.000011444091796875,
          1
        ],
        "jointName": "Bone13"
      },
      "Bone01": {
        "name": "Bone01",
        "matrix": [
          -0.8377173542976382,
          -0.4935425221920014,
          0.23376433551311493,
          0,
          -0.5173487259973781,
          0.8542946820015118,
          -0.050312439302262445,
          0,
          -0.17487221131202674,
          -0.16308520154452352,
          -0.9709905807690202,
          0,
          2.9364242553710938,
          -4.943663597106934,
          0.00002384185791015625,
          1
        ],
        "children": [
          "Bone02"
        ],
        "jointName": "Bone01"
      },
      "Bip01-R-Finger11": {
        "name": "Bip01-R-Finger11",
        "matrix": [
          0.5254434943199159,
          0.8508285284042357,
          0.00000005960464477539063,
          0,
          -0.850828528404229,
          0.5254434943199268,
          -0.0000002160668373107889,
          0,
          -0.00000021515466554735518,
          0.00000006281757114411108,
          0.9999998807907008,
          0,
          1.7271194458007812,
          0.000011444091796875,
          0,
          1
        ],
        "children": [
          "Bip01-R-Finger12"
        ],
        "jointName": "Bip01-R-Finger11"
      },
      "Bip01-R-Finger12": {
        "name": "Bip01-R-Finger12",
        "matrix": [
          0.98419451713562,
          0.17709201574325556,
          0.00000005960464477539062,
          0,
          -0.1770920355859394,
          0.9841946274119875,
          -0.0000000596046447753905,
          0,
          -0.00000006921803623019926,
          0.000000048107027785663704,
          0.9999999403953533,
          0,
          1.0268096923828125,
          0.000003814697265625,
          -0.00000095367431640625,
          1
        ],
        "children": [
          "Bip01-R-Finger1Nub"
        ],
        "jointName": "Bip01-R-Finger12"
      },
      "Bip01-R-Finger1Nub": {
        "name": "Bip01-R-Finger1Nub",
        "matrix": [
          -0.999999761581421,
          -0.0006904304027556678,
          -0.00000040978193283081065,
          0,
          0.000690430444348165,
          -0.9999998211860371,
          -0.0000010728836059570905,
          0,
          -0.0000004090411325351618,
          -0.000001073166340202861,
          1.0000001192093446,
          0,
          1.0072479248046875,
          0,
          -0.00000286102294921875,
          1
        ]
      },
      "Bip01-R-Finger2": {
        "name": "Bip01-R-Finger2",
        "matrix": [
          0.558349370956421,
          0.8295986056327818,
          0.003507852554321276,
          0,
          -0.8276050634708593,
          0.5567042019179224,
          0.07176382826412771,
          0,
          0.05758234098314418,
          -0.042972408917339486,
          0.9974155407586216,
          0,
          3.9104747772216797,
          -0.01985931396484375,
          0.25632572174072266,
          1
        ],
        "children": [
          "Bip01-R-Finger21"
        ],
        "jointName": "Bip01-R-Finger2"
      },
      "Bip01-R-Finger21": {
        "name": "Bip01-R-Finger21",
        "matrix": [
          0.20062750577926644,
          0.9796674847602844,
          -0.00000004097819328308107,
          0,
          -0.9796675874560442,
          0.20062752681048232,
          0.00000010430812835693358,
          0,
          0.00000011040862864893832,
          0.00000001921792696617891,
          0.9999998211860655,
          0,
          2.277252197265625,
          0.0000057220458984375,
          -0.00000476837158203125,
          1
        ],
        "children": [
          "Bip01-R-Finger22"
        ],
        "jointName": "Bip01-R-Finger21"
      },
      "Bip01-R-Finger22": {
        "name": "Bip01-R-Finger22",
        "matrix": [
          0.9412954449653624,
          0.3375841975212098,
          -0.0000000018626451492309574,
          0,
          -0.3375841839357556,
          0.9412954070846614,
          0.00000001490116119384767,
          0,
          0.00000000678369555790601,
          -0.000000013397595001848292,
          1.0000001192092904,
          0,
          1.1479606628417969,
          -0.00000762939453125,
          0.000003814697265625,
          1
        ],
        "children": [
          "Bip01-R-Finger2Nub"
        ],
        "jointName": "Bip01-R-Finger22"
      },
      "Bip01-R-Finger2Nub": {
        "name": "Bip01-R-Finger2Nub",
        "matrix": [
          -0.9999997615814206,
          -0.0006903782486914987,
          -0.000001192092895507812,
          0,
          0.0006903782495086225,
          -0.9999997615814199,
          -0.0000006854534149169535,
          0,
          -0.0000011916193183926181,
          -0.0000006862762057408183,
          0.9999999403952987,
          0,
          1.3300132751464844,
          0,
          0.00000095367431640625,
          1
        ]
      },
      "Bip01-R-Finger3": {
        "name": "Bip01-R-Finger3",
        "matrix": [
          0.4142567515373229,
          0.9088116288185121,
          0.04953135550022127,
          0,
          -0.8965986884191326,
          0.39812004859583616,
          0.19393634941818355,
          0,
          0.15653217197710506,
          -0.12474918095574634,
          0.9797631575746646,
          0,
          3.8492660522460938,
          0.15969085693359375,
          -0.8913183212280273,
          1
        ],
        "children": [
          "Bip01-R-Finger31"
        ],
        "jointName": "Bip01-R-Finger3"
      },
      "Bip01-R-Finger31": {
        "name": "Bip01-R-Finger31",
        "matrix": [
          0.7165232300758362,
          0.6975632905960083,
          0.00000008940696716308596,
          0,
          -0.6975632325894268,
          0.7165231704926198,
          0.00000001490116119384762,
          0,
          -0.00000005366766051454921,
          -0.00000007304404114650685,
          0.9999999999999977,
          0,
          1.8866310119628906,
          0.000011444091796875,
          -0.000003814697265625,
          1
        ],
        "children": [
          "Bip01-R-Finger32"
        ],
        "jointName": "Bip01-R-Finger31"
      },
      "Bip01-R-Finger32": {
        "name": "Bip01-R-Finger32",
        "matrix": [
          0.716522991657257,
          0.697563409805298,
          0.000000035390257835388184,
          0,
          -0.6975634082287043,
          0.7165229900378114,
          0.000000014901161193847686,
          0,
          -0.000000014963431740137675,
          -0.000000035363981011014594,
          1.0000001192092915,
          0,
          1.178802490234375,
          -0.00000095367431640625,
          -0.00000095367431640625,
          1
        ],
        "children": [
          "Bip01-R-Finger3Nub"
        ],
        "jointName": "Bip01-R-Finger32"
      },
      "Bip01-L-Finger2Nub": {
        "name": "Bip01-L-Finger2Nub",
        "matrix": [
          1.0000001192092893,
          0.00000019371509552001948,
          -0.000003010034561157227,
          0,
          -0.00000019371269655039358,
          1.0000002384185775,
          0.0000008046627044677913,
          0,
          0.000003010035075856514,
          -0.000000804662121385938,
          1.0000002384186013,
          0,
          1.3300065994262695,
          0.000003814697265625,
          0.000003814697265625,
          1
        ]
      },
      "Bip01-L-Finger3": {
        "name": "Bip01-L-Finger3",
        "matrix": [
          0.5257077813148499,
          0.8497896790504457,
          0.03858298063278196,
          0,
          -0.8308229248232998,
          0.5226560903990513,
          -0.19121578267415817,
          0,
          -0.1826589063200908,
          0.06846802925135116,
          0.9807895386925475,
          0,
          3.8492603302001953,
          0.15970611572265625,
          0.891326904296875,
          1
        ],
        "children": [
          "Bip01-L-Finger31"
        ],
        "jointName": "Bip01-L-Finger3"
      },
      "Bip01-L-Finger31": {
        "name": "Bip01-L-Finger31",
        "matrix": [
          0.7765494585037231,
          0.6300562024116516,
          -0.000000042840838432312005,
          0,
          -0.6300561897532573,
          0.7765494429021459,
          -0.000000029802322387695296,
          0,
          0.000000014490893185825802,
          0.000000050135119779339093,
          0.9999999999999996,
          0,
          1.8866195678710938,
          0.00000286102294921875,
          -0.000011444091796875,
          1
        ],
        "children": [
          "Bip01-L-Finger32"
        ],
        "jointName": "Bip01-L-Finger31"
      },
      "Bip01-L-Finger32": {
        "name": "Bip01-L-Finger32",
        "matrix": [
          0.7765493988990784,
          0.6300563216209412,
          -0.00000002980232238769531,
          0,
          -0.6300564327705293,
          0.776549535891829,
          0.00000008940696716308558,
          0,
          0.00000007947439543593884,
          -0.000000050651775914012296,
