{
    "asset": {
      "generator": "tmx:FBX2GLTF",
      "premultipliedAlpha": true,
      "profile": {
        "api": "WebGL",
        "version": "1.0.2"
      },
      "version": "1.0"
    },
    "scene": "test",
    "scenes": {
      "test": {
        "nodes": [
          "RootNode"
        ]
      }
    },
    "nodes": {
      "RootNode": {
        "name": "RootNode",
        "children": [
          "Sky001",
          "Bip01",
          "K_ChangLeBangGaoShou001"
        ]
      },
      "Bip01": {
        "name": "Bip01",
        "matrix": [
          0.0336634517461089,
          2.5382768130302433,
          -0.08727778494358653,
          0,
          2.5394023093678255,
          -0.03513767040933686,
          -0.042440203551816415,
          0,
          -0.043618789401521404,
          -0.08669477547753722,
          -2.538145274435218,
          0,
          0,
          57.15699085235596,
          0.000000358699086859815,
          1
        ],
        "children": [
          "Bip01-Pelvis"
        ]
      },
      "Bip01-Pelvis": {
        "name": "Bip01-Pelvis",
        "matrix": [
          0,
          -0.00000000000000005551114461386108,
          0.9999998807915781,
          0,
          0.9999999403953621,
          0.0000013122335076898543,
          -0.00000000000000016653344376775064,
          0,
          -0.0000013122335078575033,
          0.9999999403962122,
          -0.00000000000000011102229584526147,
          0,
          0,
          0,
          0.00000005960464477539063,
          1
        ],
        "children": [
          "Bip01-Spine",
          "Bone04",
          "Bone15",
          "Bone09",
          "Bone12",
          "Bone01",
          "Bone17"
        ],
        "jointName": "Bip01-Pelvis"
      },
      "Sky001": {
        "name": "Sky001",
        "matrix": [
          2.54,
          0,
          0,
          0,
          0,
          2.5400000000000005,
          -0.00000000000000000000000000000012523166870383563,
          0,
          0,
          0.00000000000000000000000000000012523166870383563,
          2.5400000000000005,
          0,
          0,
          0,
          0,
          1
        ]
      },
      "Bip01-Spine": {
        "name": "Bip01-Spine",
        "matrix": [
          0.9684921503067017,
          0.24750408530235288,
          0.027657024562358856,
          0,
          -0.24757152738529398,
          0.9688688708462021,
          -0.0010096076876204483,
          0,
          -0.027045910596189562,
          -0.005869294348491369,
          0.9996168017664049,
          0,
          3.1597158908843994,
          -0.005489349365234375,
          0.00001099705696105957,
          1
        ],
        "children": [
          "Bip01-Spine1",
          "Bip01-L-Thigh",
          "Bip01-R-Thigh"
        ],
        "jointName": "Bip01-Spine"
      },
      "Bip01-Spine1": {
        "name": "Bip01-Spine1",
        "matrix": [
          0.9987030029296875,
          0.03178422152996063,
          0.03977745771408081,
          0,
          -0.03175127662524305,
          0.9994947299564872,
          -0.0014597866686484866,
          0,
          -0.03980375431127808,
          0.00019490825048124443,
          0.9992074967995742,
          0,
          7.109424591064453,
          -0.005828857421875,
          0.000010609626770019531,
          1
        ],
        "children": [
          "Bip01-Spine2"
        ],
        "jointName": "Bip01-Spine1"
      },
      "Bip01-R-Finger3Nub": {
        "name": "Bip01-R-Finger3Nub",
        "matrix": [
          -0.9999997019767761,
          -0.0006903111934661414,
          -0.0000002682209014892578,
          0,
          0.0006903112756692109,
          -0.9999998213300411,
          0.0000007003545761108459,
          0,
          -0.00000026870426816539217,
          0.0000007001690863907416,
          0.9999998211860741,
          0,
          1.1051874160766602,
          0,
          0.00000286102294921875,
          1
        ]
      },
      "Bip01-R-Finger4": {
        "name": "Bip01-R-Finger4",
        "matrix": [
          0.4500878155231478,
          0.8912432193756101,
          -0.05573469400405881,
          0,
          -0.814884785542211,
          0.43544924773649235,
          0.38255303596111606,
          0,
          0.36521746684831935,
          -0.12676511892130896,
          0.9222510336013487,
          0,
          3.5281763076782227,
          0.32239341735839844,
          -1.7764840126037598,
          1
        ],
        "children": [
          "Bip01-R-Finger41"
        ],
        "jointName": "Bip01-R-Finger4"
      },
      "Bip01-R-Finger41": {
        "name": "Bip01-R-Finger41",
        "matrix": [
          0.7703525424003601,
          0.637618064880371,
          -0.0000001862645149230957,
          0,
          -0.637618152712135,
          0.7703526485162637,
          -0.000000029802322387694988,
          0,
          0.00000012448685908319678,
          0.00000014172392598011124,
          0.9999999403953447,
          0,
          1.441049575805664,
          0.00000286102294921875,
          -0.000000476837158203125,
          1
        ],
        "children": [
          "Bip01-R-Finger42"
        ],
        "jointName": "Bip01-R-Finger41"
      },
      "Bip01-R-Finger42": {
        "name": "Bip01-R-Finger42",
        "matrix": [
          0.7703524231910703,
          0.6376183629035949,
          0.000000022351741790771484,
          0,
          -0.637618275071834,
          0.7703523170752267,
          0.000000029802322387695346,
          0,
          0.0000000017837921198944226,
          -0.00000003721017422515569,
          1.0000000000000009,
          0,
          0.9404678344726562,
          0.000003814697265625,
          0.000003337860107421875,
          1
        ],
        "children": [
          "Bip01-R-Finger4Nub"
        ],
        "jointName": "Bip01-R-Finger42"
      },
      "Bip01-R-Finger4Nub": {
        "name": "Bip01-R-Finger4Nub",
        "matrix": [
          -0.9999996423721312,
          -0.0006903707981108935,
          -0.0000004991888999938965,
          0,
          0.0006903708802681646,
          -0.999999761581364,
          0.0000002831220626831053,
          0,
          -0.0000004993843593573106,
          0.00000028277740343352623,
          1.0000001192092889,
          0,
          0.9055862426757812,
          0,
          -0.0000019073486328125,
          1
        ]
      },
      "Bone14": {
        "name": "Bone14",
        "matrix": [
          0.3243978023529059,
          -0.003060676157474513,
          0.9459157586097715,
          0,
          -0.22192006797043165,
          0.9718386367621823,
          0.07925110139008913,
          0,
          -0.9195201980926027,
          -0.23562661223661682,
          0.3145831455049996,
          0,
          0.7691411972045898,
          1.5118217468261719,
          -6.213223934173584,
          1
        ],
        "children": [
          "dg01"
        ],
        "jointName": "Bone14"
      },
      "dg01": {
        "name": "dg01",
        "matrix": [
          0.9999999403953552,
          0.000000011175870895385742,
          0.000000014901161193847656,
          0,
          -0.00000001117586001519945,
          0.9999999999999999,
          -0.0000007748603820800694,
          0,
          -0.000000014901170741766065,
          0.0000007748603819135272,
          0.9999999999999886,
          0,
          45.62894058227539,
          -0.0000133514404296875,
          0.0000019073486328125,
          1
        ]
      },
      "Bip01-RUpArmTwist": {
        "name": "Bip01-RUpArmTwist",
        "matrix": [
          0.5712762475013736,
          -0.12720486521720895,
          0.8108408451080322,
          0,
          0.09242365679181001,
          0.991603534496023,
          0.0904460530874261,
          0,
          -0.8155377042470064,
          0.02327119070017339,
          0.5782361987352849,
          0,
          6.956832408905029,
          0.00000762939453125,
          -0.000003814697265625,
          1
        ],
        "children": [
          "Bip01-RUpArmTwist1"
        ],
        "jointName": "Bip01-RUpArmTwist"
      },
      "Bip01-RUpArmTwist1": {
        "name": "Bip01-RUpArmTwist1",
        "matrix": [
          0.9999998807907104,
          0.0000003278255462646485,
          -0.00000032410025596618647,
          0,
          -0.0000003336998007167003,
          0.9998326897619904,
          -0.018293917184457234,
          0,
          0.00000031804883632793355,
          0.018293916099330332,
          0.9998326304498449,
          0,
          5.296037673950195,
          0.0000019073486328125,
          -0.0000019073486328125,
          1
        ],
        "jointName": "Bip01-RUpArmTwist1"
      },
      "Bip01-L-Thigh": {
        "name": "Bip01-L-Thigh",
        "matrix": [
          -0.3603565096855167,
          0.9191857576370241,
          0.1588731408119202,
          0,
          0.9302702620303192,
          0.36669362910230513,
          -0.011522505240599003,
          0,
          -0.06884910262521308,
          0.14364277222996424,
          -0.9872317745890242,
          0,
          -2.946587562561035,
          0.7834835052490234,
          4.1414103507995605,
          1
        ],
        "children": [
          "Bip01-L-Calf"
        ],
        "jointName": "Bip01-L-Thigh"
      },
      "Bone05": {
        "name": "Bone05",
        "matrix": [
          0.9910274744033812,
          -0.13279852271080017,
          -0.015151627361774443,
          0,
          0.13279043567540474,
          0.9911431088352105,
          -0.0015424452718324877,
          0,
          0.015222260067480087,
          -0.0004833853838782865,
          0.9998840687229669,
          0,
          5.460588455200195,
          -0.00000095367431640625,
          -0.00005602836608886719,
          1
        ],
        "children": [
          "Bone06"
        ],
        "jointName": "Bone05"
      },
      "Bone06": {
        "name": "Bone06",
        "matrix": [
          0.9558231830596925,
          -0.2878992259502411,
          -0.059299599379301064,
          0,
          0.2875356276251591,
          0.9576563448061199,
          -0.014760665593614216,
          0,
          0.061038209255538524,
          -0.0029421605495444443,
          0.9981312154427109,
          0,
          6.38232421875,
          -0.00000476837158203125,
          -0.00007104873657226562,
          1
        ],
        "children": [
          "Bone08"
        ],
        "jointName": "Bone06"
      },
      "Bone08": {
        "name": "Bone08",
        "matrix": [
          0.9396073222160339,
          -0.34160751104354864,
          -0.021049439907073975,
          0,
          0.34154297137792305,
          0.9398427073678256,
          -0.006700951610022211,
          0,
          0.022072242644541034,
          -0.0008930244321670312,
          0.9997560387837762,
          0,
          9.478666305541992,
          0.0000019073486328125,
          -0.00011587142944335938,
          1
        ],
        "jointName": "Bone08"
      },
      "Bone15": {
        "name": "Bone15",
        "matrix": [
          -0.612607896327972,
          0.7393760085105896,
          0.2793463170528412,
          0,
          0.21716334936473083,
          -0.18237316851150073,
          0.9589470548009945,
          0,
          0.759968181570539,
          0.6481227145207428,
          -0.04884215708736817,
          0,
          3.3373653888702393,
          6.194366455078125,
          4.101437091827393,
          1
        ],
        "children": [
          "Bone16"
        ],
        "jointName": "Bone15"
      },
      "Bone16": {
        "name": "Bone16",
        "matrix": [
          0.9999492168426514,
          0.00811976194381714,
          -0.0059698820114135725,
          0,
          -0.008156983020644238,
          0.9999474281120236,
          -0.006236925724661108,
          0,
          0.005918924672856176,
          0.006285304011170217,
          0.9999626880523358,
          0,
          7.167562484741211,
          0.000003814697265625,
          -0.000003814697265625,
          1
        ],
        "jointName": "Bone16"
      },
      "Bone09": {
        "name": "Bone09",
        "matrix": [
          -0.6449278593063354,
          0.5042023658752438,
          -0.5743247866630554,
          0,
          -0.28928898999402386,
          0.534516141440691,
          0.794106127302164,
          0,
          0.7073758082863356,
          0.6782867636784663,
          -0.19886408775468076,
          0,
          1.9925637245178223,
          5.238759994506836,
          -7.116170883178711,
          1
        ],
        "children": [
          "Bone10"
        ],
        "jointName": "Bone09"
      },
      "Bone10": {
        "name": "Bone10",
        "matrix": [
          0.9971837401390076,
          -0.0013575851917266848,
          -0.07498621940612793,
          0,
          0.0008936826658285432,
          0.999980509360381,
          -0.006219714929067902,
          0,
          0.07499317412287643,
          0.006135182457510228,
          0.9971651513582286,
          0,
          7.204349517822266,
          0.00000286102294921875,
          0,
          1
        ],
        "jointName": "Bone10"
      },
      "Bone12": {
        "name": "Bone12",
        "matrix": [
          -0.8405455946922301,
          0.38473623991012573,
          -0.38139423727989197,
          0,
          -0.40396406158385184,
          0.023964401082296555,
          0.9144610795113771,
          0,
          0.36096610870499446,
          0.9227155592168774,
          0.13527640748443673,
          0,
          -1.5165352821350098,
          -4.803735733032227,
          -6.150286674499512,
          1
        ],
        "children": [
          "Bone13"
        ],
        "jointName": "Bone12"
      },
      "Bone13": {
        "name": "Bone13",
        "matrix": [
          0.9991474151611329,
          0.03804706782102585,
          0.01602482795715332,
          0,
          -0.03780589250103145,
          0.9991710197293625,
          -0.01509331537462267,
          0,
          -0.016585799787398242,
          0.014474613860265115,
          0.999757527105479,
          0,
          6.51181697845459,
          0.00000095367431640625,
          -0.00000095367431640625,
          1
        ],
        "jointName": "Bone13"
      },
      "Bone01": {
        "name": "Bone01",
        "matrix": [
          -0.9679971337318418,
          -0.24893428385257732,
          0.03182974830269815,
          0,
          -0.25094608725426304,
          0.9615045234994573,
          -0.11195982987695415,
          0,
          -0.0027338073373270027,
          -0.11636436364413075,
          -0.9932028646843049,
          0,
          2.9364237785339355,
          -4.943668365478516,
          0.000025451183319091797,
          1
        ],
        "children": [
          "Bone02"
        ],
        "jointName": "Bone01"
      },
      "Bip01-L-Finger01": {
        "name": "Bip01-L-Finger01",
        "matrix": [
          0.8999656438827514,
          0.43596094846725464,
          0,
          0,
          -0.43596094280296804,
          0.8999656321898156,
          0.00000007450580596923824,
          0,
          0.00000003248161872606037,
          -0.00000006705265922080316,
          0.9999999999999994,
          0,
          1.227675437927246,
          0.00000095367431640625,
          0,
          1
        ],
        "children": [
          "Bip01-L-Finger02"
        ],
        "jointName": "Bip01-L-Finger01"
      },
      "Bip01-L-Finger02": {
        "name": "Bip01-L-Finger02",
        "matrix": [
          0.9607454538345337,
          0.2774313092231751,
          0.00000005960464477539063,
          0,
          -0.27743130463551174,
          0.9607454379474624,
          -0.00000009685754776000983,
          0,
          -0.00000008413621172291552,
          0.00000007651925876607904,
          1.0000000000000004,
          0,
          0.9521007537841797,
          -0.0000035762786865234375,
          0,
          1
        ],
        "children": [
          "Bip01-L-Finger0Nub"
        ],
        "jointName": "Bip01-L-Finger02"
      },
      "Bip01-L-Finger0Nub": {
        "name": "Bip01-L-Finger0Nub",
        "matrix": [
          0.9999999999999999,
          -0.00000010430812835693358,
          -0.00000002980232238769531,
          0,
          0.00000010430810348793751,
          0.9999999999999968,
          -0.000000834465026855425,
          0,
          0.00000002980240765281653,
          0.0000008344649740087598,
          0.9999999403953028,
          0,
          0.8882217407226562,
          0.000001430511474609375,
          -0.000003814697265625,
          1
        ]
      },
      "Bip01-L-Finger1": {
        "name": "Bip01-L-Finger1",
        "matrix": [
          0.9813444018363952,
          0.13593581318855286,
          -0.1359583288431168,
          0,
          -0.12278626365208767,
          0.9872943783996285,
          0.10086216742690353,
          0,
          0.14794167290105406,
          -0.08228670725411603,
          0.9855668510693653,
          0,
          3.770639419555664,
          -0.17337417602539062,
          -1.3427505493164062,
          1
        ],
        "children": [
          "Bip01-L-Finger11"
        ],
        "jointName": "Bip01-L-Finger1"
      },
      "Bip01-L-Finger11": {
        "name": "Bip01-L-Finger11",
        "matrix": [
          0.9668565988540648,
          0.2553204298019409,
          0.00000001862645149230957,
          0,
          -0.2553203984313816,
          0.9668564800589039,
          -0.000000040978193283081174,
          0,
          -0.00000002847167631378715,
          0.00000003486432487432208,
          1.0000001192092922,
          0,
          1.7271175384521484,
          0.000003814697265625,
          0.00000286102294921875,
          1
        ],
        "children": [
          "Bip01-L-Finger12"
        ],
        "jointName": "Bip01-L-Finger11"
      },
      "Bip01-L-Finger12": {
        "name": "Bip01-L-Finger12",
        "matrix": [
          0.9668564796447754,
          0.25532037019729614,
          -0.00000002980232238769532,
          0,
          -0.2553203388267416,
          0.9668563608496131,
          -0.00000002980232238769535,
          0,
          0.000000021205427519910518,
          0.00000003642371191491356,
          0.9999999403953564,
          0,
          1.026815414428711,
          -0.000003814697265625,
          -0.0000007152557373046875,
          1
        ],
        "children": [
          "Bip01-L-Finger1Nub"
        ],
        "jointName": "Bip01-L-Finger12"
      },
      "Bip01-L-Finger1Nub": {
        "name": "Bip01-L-Finger1Nub",
        "matrix": [
          0.9999998807907104,
          0,
          -0.00000004842877388000489,
          0,
          -0.00000000000003716472017970851,
          1,
          -0.0000007674098014831852,
          0,
          0.000000048428779653167264,
          0.0000007674098014832179,
          1.0000000000000402,
          0,
          1.0072517395019531,
          0,
          0.0000011920928955078125,
          1
        ]
      },
      "Bip01-L-Finger2": {
        "name": "Bip01-L-Finger2",
        "matrix": [
          0.9871932864189147,
          0.15133485198020935,
          0.0504721775650978,
          0,
          -0.14877480428600398,
          0.9875481126310657,
          -0.051136281282840604,
          0,
          -0.05758239726764891,
          0.04297239927602243,
          0.9974155414620064,
          0,
          3.9104671478271484,
          -0.01985931396484375,
          -0.25632476806640625,
          1
        ],
        "children": [
          "Bip01-L-Finger21"
        ],
        "jointName": "Bip01-L-Finger2"
      },
      "Bip01-L-Finger21": {
        "name": "Bip01-L-Finger21",
        "matrix": [
          0.9512051343917847,
          0.3085588216781616,
          0.000000014901161193847656,
          0,
          -0.308558937992691,
          0.9512054929586766,
          -0.0000000074505805969238265,
          0,
          -0.00000001647300658942145,
          0.0000000024891437188622312,
          0.9999999999999999,
          0,
          2.277263641357422,
          0.0000019073486328125,
          0.0000019073486328125,
          1
        ],
        "children": [
          "Bip01-L-Finger22"
        ],
        "jointName": "Bip01-L-Finger21"
      },
      "Bip01-L-Finger22": {
        "name": "Bip01-L-Finger22",
        "matrix": [
          0.9512051343917847,
          0.30855888128280645,
          -0.000000007450580596923828,
          0,
          -0.30855890208389103,
          0.951205198516006,
          -0.000000059604644775390585,
          0,
          -0.000000011304511769356117,
          0.00000005899518843816744,
          0.9999998807907098,
          0,
          1.1479663848876953,
          -0.000003814697265625,
          0.0000019073486328125,
          1
        ],
        "children": [
          "Bip01-L-Finger2Nub"
        ],
        "jointName": "Bip01-L-Finger22"
      },
      "Bip01-R-Finger11": {
        "name": "Bip01-R-Finger11",
        "matrix": [
          0.3936071693897248,
          0.9192789196968079,
          -0.000000014901161193847656,
          0,
          -0.9192787254518485,
          0.3936070862199637,
          0.000000029802322387695776,
          0,
          0.00000003326184125520123,
          0.000000001967912233794696,
          0.9999998807907259,
          0,
          1.7271099090576172,
          0.00000095367431640625,
          -0.00000476837158203125,
          1
        ],
        "children": [
          "Bip01-R-Finger12"
        ],
        "jointName": "Bip01-R-Finger11"
      },
      "Bip01-R-Finger12": {
        "name": "Bip01-R-Finger12",
        "matrix": [
          0.6126250624656678,
          0.7903736233711243,
          0.000000029802322387695312,
          0,
          -0.7903736606055828,
          0.6126250913263969,
          0.00000011920928955078055,
          0,
          0.00000007596222020286547,
          -0.00000009658555963215324,
          0.9999998807907047,
          0,
          1.0268173217773438,
          -0.0000019073486328125,
          0,
          1
        ],
        "children": [
          "Bip01-R-Finger1Nub"
        ],
        "jointName": "Bip01-R-Finger12"
      },
      "Bip01-R-Finger1Nub": {
        "name": "Bip01-R-Finger1Nub",
        "matrix": [
          -0.999999701976776,
          -0.0006903111934661413,
          -0.0000004172325134277343,
          0,
          0.0006903112755018134,
          -0.9999998212477316,
          0.0000007152557373046487,
          0,
          -0.00000041772618799079896,
          0.0000007149675040090307,
          0.9999999999999458,
          0,
          1.0072517395019531,
          -0.0000019073486328125,
          -0.0000019073486328125,
          1
        ]
      },
      "Bip01-R-Finger2": {
        "name": "Bip01-R-Finger2",
        "matrix": [
          0.37522956728935253,
          0.9267516136169434,
          0.018265187740325928,
          0,
          -0.9251415117955856,
          0.37320810936764237,
          0.06948910677120759,
          0,
          0.05758244414837975,
          -0.04297226467283246,
          0.997415426770583,
          0,
          3.910463333129883,
          -0.019866943359375,
          0.2563285827636719,
          1
        ],
        "children": [
          "Bip01-R-Finger21"
        ],
        "jointName": "Bip01-R-Finger2"
      },
      "Bip01-R-Finger21": {
        "name": "Bip01-R-Finger21",
        "matrix": [
          -0.13340201973915114,
          0.9910621643066404,
          -0.00000005960464477539062,
          0,
          -0.9910620472188107,
          -0.13340200397853236,
          0,
          0,
          -0.000000007951377514935809,
          0.00000005907188980032138,
          1.0000000000000027,
          0,
          2.2772655487060547,
          0.0000019073486328125,
          -0.00000095367431640625,
          1
        ],
        "children": [
          "Bip01-R-Finger22"
        ],
        "jointName": "Bip01-R-Finger21"
      },
      "Bip01-R-Finger22": {
        "name": "Bip01-R-Finger22",
        "matrix": [
          0.15027824044227592,
          0.9886441230773927,
          0.00000005960464477539064,
          0,
          -0.9886442889975221,
          0.15027826566287186,
          -0.00000014901161193847476,
          0,
          -0.00000015627661199323333,
          -0.000000036534559570093504,
          1.0000001192092771,
          0,
          1.147965431213379,
          0.0000019073486328125,
          0,
          1
        ],
        "children": [
          "Bip01-R-Finger2Nub"
        ],
        "jointName": "Bip01-R-Finger22"
      },
      "Bip01-R-Finger2Nub": {
        "name": "Bip01-R-Finger2Nub",
        "matrix": [
          -0.9999996423721315,
          -0.0006902515888213794,
          0.00000029802322387695307,
          0,
          0.0006902516714183435,
          -0.9999997617253834,
          0.0000007152557373046564,
          0,
          0.0000002975294465296146,
          0.0000007154611927135016,
          0.9999998807906669,
          0,
          1.3300056457519531,
          0.0000057220458984375,
          0.0000019073486328125,
          1
        ]
      },
      "Bip01-R-Finger3": {
        "name": "Bip01-R-Finger3",
        "matrix": [
          0.43417382240295405,
          0.8996949195861815,
          0.04518863558769225,
          0,
          -0.8871248715881952,
          0.41831389806117714,
          0.19499388405175808,
          0,
          0.15653201897920815,
          -0.1247492395441455,
          0.979762974819966,
          0,
          3.8492584228515625,
          0.15970230102539062,
          -0.8913130760192871,
          1
        ],
        "children": [
          "Bip01-R-Finger31"
        ],
        "jointName": "Bip01-R-Finger3"
      },
      "Bip01-R-Finger31": {
        "name": "Bip01-R-Finger31",
        "matrix": [
          0.41036975383758556,
          0.9119194149971007,
          0,
          0,
          -0.9119192997542637,
          0.41036970197754846,
          0,
          0,
          0,
          0,
          0.9999998807907109,
          0,
          1.8866214752197266,
          0.000003814697265625,
          -0.0000019073486328125,
          1
        ],
        "children": [
          "Bip01-R-Finger32"
        ],
        "jointName": "Bip01-R-Finger31"
      },
      "Bip01-R-Finger32": {
        "name": "Bip01-R-Finger32",
        "matrix": [
          0.6963168382644653,
          0.7177344560623169,
          0.00000005960464477539064,
          0,
          -0.7177345174721329,
          0.6963168978417651,
          0.00000013411045074462806,
          0,
          0.00000005475196821797656,
          -0.00000013616367139059185,
          0.9999999403953486,
          0,
          1.1788034439086914,
          -0.000003814697265625,
          0,
          1
        ],
        "children": [
          "Bip01-R-Finger3Nub"
        ],
        "jointName": "Bip01-R-Finger32"
      },
      "Bip01-L-Finger2Nub": {
        "name": "Bip01-L-Finger2Nub",
        "matrix": [
          0.9999999999999999,
          0,
          0.00000007450580596923828,
          0,
          0.00000000000006217248937900564,
          1.0000000000000018,
          -0.0000008344650268554266,
          0,
          -0.00000007450580596923452,
          0.0000008344650268553876,
          0.9999999999999495,
          0,
          1.330007553100586,
          0,
          0,
          1
        ]
      },
      "Bip01-L-Finger3": {
        "name": "Bip01-L-Finger3",
        "matrix": [
          0.9390429258346558,
          0.3262344002723694,
          0.10848835110664366,
          0,
          -0.3060984826037971,
          0.9370212179468507,
          -0.16821105856442778,
          0,
          -0.156532135746883,
          0.12474929693230313,
          0.9797630951668288,
          0,
          3.8492679595947266,
          0.15970230102539062,
          0.8913178443908691,
          1
        ],
        "children": [
          "Bip01-L-Finger31"
        ],
        "jointName": "Bip01-L-Finger3"
      },
      "Bip01-L-Finger31": {
        "name": "Bip01-L-Finger31",
        "matrix": [
          1,
          0.000000029802322387695312,
          0.00000000000000000000000000000019721522630525304,
          0,
          -0.00000002980231883498162,
          0.99999988079071,
          -0.00000007450580596923818,
          0,
          -0.0000000000000022204463139481328,
          0.00000007450581485102327,
          0.9999999999999983,
          0,
          1.8866291046142578,
          -0.0000019073486328125,
          -0.00000095367431640625,
          1
        ],
        "children": [
          "Bip01-L-Finger32"
        ],
        "jointName": "Bip01-L-Finger31"
      },
      "Bip01-L-Finger32": {
        "name": "Bip01-L-Finger32",
        "matrix": [
          1.0000001192092896,
          0,
          -0.000000029802322387695312,
          0,
          -0.000000000000003108624098373554,
          1.0000001192092898,
          -0.0000001043081283569331,
          0,
          0.0000000298023170586253,
          0.00000010430810970518812,
          0.9999999403953508,
          0,
          1.1788005828857422,
          0.0000057220458984375,
          0.00000286102294921875,
          1
        ],
        "children": [
          "Bip01-L-Finger3Nub"
        ],
        "jointName": "Bip01-L-Finger32"
      },
      "Bip01-L-Finger3Nub": {
        "name": "Bip01-L-Finger3Nub",
        "matrix": [
          1.0000001192092893,
          0,
          -0.000000014901161193847656,
          0,
          -0.000000000000011102228922762994,
          1.0000000000000004,
          -0.0000007450580596923996,
          0,
          0.000000014901159417491366,
          0.0000007450580596924162,
          1.0000000000000224,
          0,
          1.105194091796875,
          0,
          0.00000095367431640625,
          1
        ]
      },
      "Bip01-L-Finger4": {
        "name": "Bip01-L-Finger4",
        "matrix": [
          0.8764057755470276,
          0.4048902988433839,
          0.2607237696647644,
          0,
          -0.32908730656022406,
          0.8988004728814731,
          -0.28958455162733276,
          0,
          -0.3515886427314837,
          0.16799269981316925,
          0.9209582347803955,
          0,
          3.528188705444336,
          0.32239532470703125,
          1.7764883041381836,
          1
        ],
        "children": [
          "Bip01-L-Finger41"
        ],
        "jointName": "Bip01-L-Finger4"
      },
      "Bip01-L-Finger41": {
        "name": "Bip01-L-Finger41",
        "matrix": [
          0.9999998807907104,
          0.000000029802322387695312,
          0.00000008940696716308594,
          0,
          -0.00000002980232416405235,
          0.9999999403953548,
          0.00000000000000000000000000000019721521455030944,
          0,
          -0.00000008940696716308586,
          -0.0000000000000026645355767377672,
          0.9999998807907106,
          0,
          1.4410514831542969,
          -0.000003814697265625,
          0.0000057220458984375,
          1
        ],
        "children": [
          "Bip01-L-Finger42"
        ],
        "jointName": "Bip01-L-Finger41"
      },
      "Bip01-L-Finger42": {
        "name": "Bip01-L-Finger42",
        "matrix": [
          0.9999999403953552,
          0,
          -0.000000029802322387695312,
          0,
          0.0000000000000004440892363198438,
          0.9999999999999999,
          0.000000014901161193847653,
          0,
          0.000000029802322387695312,
          -0.000000014901160305669246,
          0.9999999403953551,
          0,
          0.9404678344726562,
          0.00000762939453125,
          0,
          1
        ],
        "children": [
          "Bip01-L-Finger4Nub"
        ],
        "jointName": "Bip01-L-Finger42"
      },
      "Bip01-L-Finger4Nub": {
        "name": "Bip01-L-Finger4Nub",
        "matrix": [
          0.9999999403953552,
          0,
          -0.000000029802322387695312,
          0,
          -0.000000000000023092640288631644,
          1,
          -0.0000007748603820800702,
          0,
          0.000000029802324164051953,
          0.000000774860382080063,
          0.9999999999999898,
          0,
          0.9055881500244141,
          -0.000003814697265625,
          -0.000003814697265625,
          1
        ]
      },
      "Bip01-LUpArmTwist": {
        "name": "Bip01-LUpArmTwist",
        "matrix": [
          0.5975921154022218,
          -0.6134208440780641,
          -0.5163322687149048,
          0,
          0.4527684017592784,
          0.7896378307268026,
          -0.41409280535176557,
          0,
          0.661728566852717,
          0.013679657705054662,
          0.7496188217614089,
          0,
          6.956834316253662,
          0.00000667572021484375,
          -0.0000019073486328125,
          1
        ],
        "children": [
          "Bip01-LUpArmTwist1"
        ],
        "jointName": "Bip01-LUpArmTwist"
      },
      "Bip01-L-Calf": {
        "name": "Bip01-L-Calf",
        "matrix": [
          0.1437568962574006,
          -0.9896131753921508,
          0.00000002980232238769531,
          0,
          0.9896132412604682,
          0.1437569058258114,
          0.000000014901161193847645,
          0,
          -0.00000001903066846312986,
          0.000000027350618634403876,
          0.9999999999999997,
          0,
          18.578845977783203,
          0.0000095367431640625,
          0.00006413459777832031,
          1
        ],
        "children": [
          "Bip01-L-Foot"
        ],
        "jointName": "Bip01-L-Calf"
      },
      "Bip01-L-Foot": {
        "name": "Bip01-L-Foot",
        "matrix": [
          0.8856571316719056,
          0.45815345644950856,
          0.07554196566343309,
          0,
          -0.4274552168296485,
          0.8679875415166047,
          -0.25274337088963184,
          0,
          -0.18136475468052357,
          0.1915531834143389,
          0.9645795512681099,
          0,
          14.03437614440918,
          0.00000762939453125,
          0.000038623809814453125,
          1
        ],
        "children": [
          "Bip01-L-Toe0"
        ],
        "jointName": "Bip01-L-Foot"
      },
      "Bip01-L-Toe0": {
        "name": "Bip01-L-Toe0",
        "matrix": [
          0.00000000000000011102232893229526,
          1.000000238418579,
          0,
          0,
          -1.0000001192092896,
          0.00000000000000011102231569740548,
          0.00000001862645149230958,
          0,
          0.000000018626453712755375,
          -0.000000000000000000000003308723239073018,
          1.0000002384185795,
          0,
          4.820722579956055,
          6.667253494262695,
          0.000027179718017578125,
          1
        ],
        "children": [
          "Bip01-L-Toe0Nub"
        ],
        "jointName": "Bip01-L-Toe0"
      },
      "Bip01-L-Toe0Nub": {
        "name": "Bip01-L-Toe0Nub",
        "matrix": [
          -0.9999997019767757,
          0.0006906017661093902,
          -0.0000015497207641601558,
          0,
          -0.0006906019368052639,
          -0.9999999404106733,
          0.000003892928361893122,
          0,
          -0.0000015470319318117903,
          0.000003893996745145985,
          0.9999999403954639,
          0,
          2.8172836303710938,
          0.000003814697265625,
          0.0000019073486328125,
          1
        ]
      },
      "Bip01-R-Thigh": {
        "name": "Bip01-R-Thigh",
        "matrix": [
          -0.5472427606582642,
          0.775866210460663,
          -0.31393814086914074,
          0,
          0.8298319075824411,
          0.5518554906440128,
          -0.08267066775637982,
          0,
          0.10910710852076266,
          -0.3057568092577911,
          -0.9458374550274878,
          0,
          -3.1710166931152344,
          0.7916622161865234,
          -3.970582962036133,
          1
        ],
        "children": [
          "Bip01-R-Calf"
        ],
        "jointName": "Bip01-R-Thigh"
      },
      "Bip01-R-Calf": {
        "name": "Bip01-R-Calf",
        "matrix": [
          0.02362734079360972,
          -0.9997208118438721,
          0.00000002980232238769532,
          0,
          0.9997208139557352,
          0.023627340843521916,
          0.000000014901161193847673,
          0,
          -0.000000015601151297488715,
          0.000000029441928506949626,
          1.000000000000001,
          0,
          18.57884979248047,
          0.0000095367431640625,
          -0.00003528594970703125,
          1
        ],
        "children": [
          "Bip01-R-Foot"
        ],
        "jointName": "Bip01-R-Calf"
      },
      "Bip01-R-Foot": {
        "name": "Bip01-R-Foot",
        "matrix": [
          0.6861021518707275,
          0.6974731087684631,
          -0.20687058568000793,
          0,
          -0.7146590294491154,
          0.5929627568621345,
          -0.3710219135022729,
          0,
          -0.13611126473080565,
          0.4024008950815666,
          0.9052885456020587,
          0,
          14.034381866455078,
          0,
          -0.000019550323486328125,
          1
        ],
        "children": [
          "Bip01-R-Toe0"
        ],
        "jointName": "Bip01-R-Foot"
      },
      "Bip01-R-Toe0": {
        "name": "Bip01-R-Toe0",
        "matrix": [
          0.000000003725290298470609,
          1,
          -0.000002160668373107911,
          0,
          -1,
          0.000000003725422081934944,
          0.00000006100162863731183,
          0,
          0.00000006100163668671193,
          0.000002160668372880593,
          0.9999999999999681,
          0,
          4.820705413818359,
          6.667266845703125,
          -0.00001239776611328125,
          1
        ],
        "children": [
          "Bip01-R-Toe0Nub"
        ],
        "jointName": "Bip01-R-Toe0"
      },
      "Bip01-R-Toe0Nub": {
        "name": "Bip01-R-Toe0Nub",
        "matrix": [
          0.9999998807907104,
          0.0000010728836059570312,
          -0.000000342726707458496,
          0,
          -0.00000107288301743467,
          0.9999999999999959,
          0.0000020903535187244424,
          0,
          0.000000342728991020602,
          -0.0000020903531510163375,
          1.0000000000000002,
          0,
          2.817281723022461,
          0.0000019073486328125,
          -0.0000019073486328125,
          1
        ]
      },
      "Bone04": {
        "name": "Bone04",
        "matrix": [
          -0.35399624705314586,
          0.9268906116485597,
          -0.12474039196968079,
          0,
          0.9339021381550469,
          0.34317966029016855,
          -0.10027102362429746,
          0,
          -0.05013191036928055,
          -0.15199090087079284,
          -0.9871095400657642,
          0,
          2.7064461708068848,
          5.073131561279297,
          -0.000012099742889404297,
          1
        ],
        "children": [
          "Bone05"
        ],
        "jointName": "Bone04"
      },
      "Bone02": {
        "name": "Bone02",
        "matrix": [
          0.9301105737686158,
          0.3661382198333741,
          -0.02893551625311375,
          0,
          -0.3646271890278266,
          0.9299744937997295,
          0.04684905705876216,
