{
    "asset": {
      "generator": "tmx:FBX2GLTF",
      "premultipliedAlpha": true,
      "profile": {
        "api": "WebGL",
        "version": "1.0.2"
      },
      "version": "1.0"
    },
    "scene": "test",
    "scenes": {
      "test": {
        "nodes": [
          "RootNode"
        ]
      }
    },
    "nodes": {
      "RootNode": {
        "name": "RootNode",
        "children": [
          "Sky001",
          "Bip01",
          "K_ChangLeBangGaoShou001"
        ]
      },
      "Bip01-Spine1": {
        "name": "Bip01-Spine1",
        "matrix": [
          0.9953315854072571,
          -0.0716032087802887,
          -0.06471404433250424,
          0,
          0.06613512724548296,
          0.9943512079797299,
          -0.08301684972653191,
          0,
          0.07029277873271833,
          0.07834944088642351,
          0.9944449027857297,
          0,
          7.108867645263672,
          -0.005796909332275391,
          0.00048601627349853516,
          1
        ],
        "children": [
          "Bip01-Spine2"
        ],
        "jointName": "Bip01-Spine1"
      },
      "Sky001": {
        "name": "Sky001",
        "matrix": [
          2.54,
          0,
          0,
          0,
          0,
          2.5400000000000005,
          -0.00000000000000000000000000000012523166870383563,
          0,
          0,
          0.00000000000000000000000000000012523166870383563,
          2.5400000000000005,
          0,
          0,
          0,
          0,
          1
        ]
      },
      "Bip01": {
        "name": "Bip01",
        "matrix": [
          0.05409911673515959,
          -0.2425265111029155,
          2.5278165745735177,
          0,
          2.535495978382988,
          -0.13542186650117086,
          -0.06725625879493523,
          0,
          0.14119408156471008,
          2.5247659538757503,
          0.23921205720634497,
          0,
          0.004438319206237793,
          94.22559547424316,
          0,
          1
        ],
        "children": [
          "Bip01-Pelvis"
        ]
      },
      "Bip01-Pelvis": {
        "name": "Bip01-Pelvis",
        "matrix": [
          -0.000000014901161219815926,
          0.007029060274365949,
          0.9999755620956422,
          0,
          0.9999998807826,
          0.000004239823862557032,
          -0.000000014901182232584333,
          0,
          -0.000004239824738499881,
          0.9999753832038528,
          -0.007029059016957285,
          0,
          0,
          -0.0000002384185791015625,
          -0.000003814697265625,
          1
        ],
        "children": [
          "Bip01-Spine",
          "Bone04",
          "Bone15",
          "Bone09",
          "Bone12",
          "Bone01",
          "Bone17"
        ],
        "jointName": "Bip01-Pelvis"
      },
      "Bip01-Spine": {
        "name": "Bip01-Spine",
        "matrix": [
          0.9980933666229248,
          -0.057107981294393546,
          -0.023415323346853256,
          0,
          0.05444062264685856,
          0.993294416974965,
          -0.10199366502028229,
          0,
          0.029082962682532482,
          0.10052445715080434,
          0.994509576982203,
          0,
          3.1579360961914062,
          -0.005621433258056641,
          -0.021622419357299805,
          1
        ],
        "children": [
          "Bip01-Spine1",
          "Bip01-L-Thigh",
          "Bip01-R-Thigh"
        ],
        "jointName": "Bip01-Spine"
      },
      "Bip01-R-Finger3Nub": {
        "name": "Bip01-R-Finger3Nub",
        "matrix": [
          -0.999999761581421,
          -0.000690355896949713,
          -0.0000011473894119262695,
          0,
          0.0006903558142154653,
          -0.9999996423824757,
          0.00000038743019104002916,
          0,
          -0.0000011476566033983459,
          0.0000003866380378996785,
          0.9999999999999746,
          0,
          1.1051912307739258,
          0,
          0,
          1
        ]
      },
      "Bip01-R-Finger4": {
        "name": "Bip01-R-Finger4",
        "matrix": [
          0.37451756000518777,
          0.9251917600631716,
          -0.06129086017608644,
          0,
          -0.8965468652683526,
          0.37819770095269806,
          0.2305866183810349,
          0,
          0.23651694815182453,
          -0.031408615292091165,
          0.971119643083112,
          0,
          3.528172492980957,
          0.3224010467529297,
          -1.7764911651611328,
          1
        ],
        "children": [
          "Bip01-R-Finger41"
        ],
        "jointName": "Bip01-R-Finger4"
      },
      "Bip01-R-Finger41": {
        "name": "Bip01-R-Finger41",
        "matrix": [
          0.937920093536377,
          0.3468515872955322,
          0.00000011920928955078125,
          0,
          -0.3468515750758047,
          0.9379200604930572,
          -0.000000000000000000000003308722541214991,
          0,
          -0.00000011180877397736992,
          -0.00000004134792611318977,
          0.9999999999999951,
          0,
          1.4410400390625,
          -0.00000286102294921875,
          -0.0000057220458984375,
          1
        ],
        "children": [
          "Bip01-R-Finger42"
        ],
        "jointName": "Bip01-R-Finger41"
      },
      "Bip01-R-Finger42": {
        "name": "Bip01-R-Finger42",
        "matrix": [
          0.9379199147224426,
          0.3468517065048217,
          -0.00000008940696716308592,
          0,
          -0.3468517065048193,
          0.9379199147224435,
          0.000000029802322387695233,
          0,
          0.00000009419357338241051,
          0.0000000030587678508029454,
          0.9999999999999973,
          0,
          0.9404754638671875,
          0,
          0.0000095367431640625,
          1
        ],
        "children": [
          "Bip01-R-Finger4Nub"
        ],
        "jointName": "Bip01-R-Finger42"
      },
      "Bip01-R-Finger4Nub": {
        "name": "Bip01-R-Finger4Nub",
        "matrix": [
          -0.9999998807907108,
          -0.0006903856992720842,
          -0.00000095367431640625,
          0,
          0.0006903856997481392,
          -0.9999998808215741,
          -0.0000004768371582031541,
          0,
          -0.0000009533448877122003,
          -0.0000004774954476311625,
          1.0000001192093504,
          0,
          0.9055862426757812,
          0.0000019073486328125,
          0,
          1
        ]
      },
      "Bone14": {
        "name": "Bone14",
        "matrix": [
          0.32439804077148415,
          -0.003060877323150646,
          0.9459158182144167,
          0,
          -0.22191928969268723,
          0.9718390387260761,
          0.07925109340343395,
          0,
          -0.9195204072820591,
          -0.23562584283293847,
          0.3145833815680727,
          0,
          0.7691383361816406,
          1.5118293762207031,
          -6.213226318359375,
          1
        ],
        "children": [
          "dg01"
        ],
        "jointName": "Bone14"
      },
      "dg01": {
        "name": "dg01",
        "matrix": [
          1,
          0.00000005960464477539063,
          0,
          0,
          -0.00000005960465188081788,
          1.0000001192092876,
          -0.0000010281801223756045,
          0,
          -0.00000000000006128431095932241,
          0.0000010281801223757193,
          1.0000001192094026,
          0,
          45.628971099853516,
          -0.0000324249267578125,
          -0.00001239776611328125,
          1
        ]
      },
      "Bip01-RUpArmTwist": {
        "name": "Bip01-RUpArmTwist",
        "matrix": [
          0.4364721775054934,
          0.3270977735519409,
          0.8381521105766296,
          0,
          -0.010579537895465708,
          0.9333737412473109,
          -0.35874967672006375,
          0,
          -0.8996553979665535,
          0.14771699159017176,
          0.41085221542088257,
          0,
          6.956838130950928,
          0.00000667572021484375,
          0.000003814697265625,
          1
        ],
        "children": [
          "Bip01-RUpArmTwist1"
        ],
        "jointName": "Bip01-RUpArmTwist"
      },
      "Bip01-RUpArmTwist1": {
        "name": "Bip01-RUpArmTwist1",
        "matrix": [
          0.9999999999999999,
          0.0000007003545761108398,
          -0.00000002980232238769532,
          0,
          -0.0000006901484095495804,
          0.9910937547871113,
          0.13316535935757348,
          0,
          0.00000012279987165631453,
          -0.13316536722407374,
          0.9910938133348001,
          0,
          5.296047210693359,
          0.00000476837158203125,
          0,
          1
        ],
        "jointName": "Bip01-RUpArmTwist1"
      },
      "Bip01-L-Thigh": {
        "name": "Bip01-L-Thigh",
        "matrix": [
          -0.938086450099945,
          0.29052260518074036,
          0.18865449726581576,
          0,
          0.3243415157875201,
          0.9279020887805026,
          0.18384851399072627,
          0,
          -0.12164076601481194,
          0.23365431077977822,
          -0.9646810232214982,
          0,
          -3.2477493286132812,
          -0.5823781490325928,
          3.965498924255371,
          1
        ],
        "children": [
          "Bip01-L-Calf"
        ],
        "jointName": "Bip01-L-Thigh"
      },
      "Bip01-Spine2": {
        "name": "Bip01-Spine2",
        "matrix": [
          0.9938358068466187,
          -0.11086251586675644,
          -0.00000039301812648773183,
          0,
          0.11086250328179237,
          0.9938356940278648,
          -0.00000004330649971961994,
          0,
          0.0000003953964884742089,
          -0.000000000531423218046301,
          0.9999999403953596,
          0,
          7.3193359375,
          -0.005316495895385742,
          0,
          1
        ],
        "children": [
          "Bip01-Neck"
        ],
        "jointName": "Bip01-Spine2"
      },
      "Bip01-Neck": {
        "name": "Bip01-Neck",
        "matrix": [
          0.8437407612800599,
          0.5073752403259276,
          0.17513397336006162,
          0,
          -0.5263823398187144,
          0.8459802416247864,
          0.08508233686347193,
          0,
          -0.10499121443487368,
          -0.16397487330352048,
          0.9808614208256158,
          0,
          7.135585784912109,
          -1.8603496551513672,
          -0.00016641616821289062,
          1
        ],
        "children": [
          "Bip01-Head",
          "Bip01-L-Clavicle",
          "Bip01-R-Clavicle"
        ],
        "jointName": "Bip01-Neck"
      },
      "Bip01-Head": {
        "name": "Bip01-Head",
        "matrix": [
          0.9841427206993102,
          -0.1369690597057343,
          -0.1127055957913399,
          0,
          0.13979886510306147,
          0.9900240364684902,
          0.0175623408770463,
          0,
          0.10917577569909276,
          -0.03303997161968098,
          0.9934732875527571,
          0,
          2.4464569091796875,
          0,
          0,
          1
        ],
        "children": [
          "Bip01-HeadNub",
          "Bone11"
        ],
        "jointName": "Bip01-Head"
      },
      "Bip01-HeadNub": {
        "name": "Bip01-HeadNub",
        "matrix": [
          1,
          0,
          0.0000000027939677238464355,
          0,
          0.0000000000000008710480253748548,
          0.999999940395357,
          -0.00000031176023185253164,
          0,
          -0.0000000027939677238464376,
          0.00000031176025043489026,
          1.0000000000000007,
          0,
          9.01961898803711,
          -0.0000019073486328125,
          0.0000010728836059570312,
          1
        ]
      },
      "Bone11": {
        "name": "Bone11",
        "matrix": [
          0.2305777072906492,
          0.9730537533760073,
          0.0003573834255803377,
          0,
          0.9730538299370667,
          -0.23057755944376648,
          -0.0004519410431377073,
          0,
          -0.0003573583428218827,
          0.00045196085644405674,
          -0.9999997615796847,
          0,
          3.959461212158203,
          1.7774162292480469,
          0.00000011920928955078125,
          1
        ],
        "jointName": "Bone11"
      },
      "Bip01-L-Clavicle": {
        "name": "Bip01-L-Clavicle",
        "matrix": [
          -0.2011206001043319,
          -0.3824786245822904,
          0.901809632778168,
          0,
          -0.516425874190074,
          -0.7408902995538061,
          -0.4294016945386386,
          0,
          0.8323788839892915,
          -0.5520792917738956,
          -0.048513550893402646,
          0,
          -1.8936080932617188,
          1.5631332397460938,
          1.3521099090576172,
          1
        ],
        "children": [
          "Bip01-L-UpperArm",
          "Bip01-LUpArmTwist"
        ],
        "jointName": "Bip01-L-Clavicle"
      },
      "Bip01-L-UpperArm": {
        "name": "Bip01-L-UpperArm",
        "matrix": [
          0.641362190246582,
          0.021049164235591798,
          -0.7669492959976196,
          0,
          0.7555697693952383,
          0.15634595839641513,
          0.6361370125578764,
          0,
          0.1332995942911344,
          -0.9874780719760746,
          0.08437028624337324,
          0,
          6.956833839416504,
          0.000024318695068359375,
          0.0000152587890625,
          1
        ],
        "children": [
          "Bip01-L-Forearm"
        ]
      },
      "Bip01-L-Forearm": {
        "name": "Bip01-L-Forearm",
        "matrix": [
          0.24854314327239985,
          -0.968621015548706,
          0.00000013411045074462888,
          0,
          0.9686207703339264,
          0.24854308035155148,
          -0.00000002980232238769586,
          0,
          -0.000000004465067989300079,
          0.00000013730930733801755,
          0.9999999403953735,
          0,
          10.592079162597656,
          0.000019073486328125,
          -0.0000476837158203125,
          1
        ],
        "children": [
          "Bip01-L-Hand"
        ],
        "jointName": "Bip01-L-Forearm"
      },
      "Bip01-L-Hand": {
        "name": "Bip01-L-Hand",
        "matrix": [
          0.7116411924362183,
          -0.3092318177223206,
          0.630826771259308,
          0,
          0.4807730507373987,
          -0.44037798626050983,
          -0.7582379412010977,
          0,
          0.5122734955619777,
          0.8428778236729566,
          -0.16472078300598977,
          0,
          9.287921905517578,
          0.00002288818359375,
          -0.00000858306884765625,
          1
        ],
        "children": [
          "Bip01-L-Finger0",
          "Bip01-L-Finger1",
          "Bip01-L-Finger2",
          "Bip01-L-Finger3",
          "Bip01-L-Finger4"
        ],
        "jointName": "Bip01-L-Hand"
      },
      "Bip01-L-Finger0": {
        "name": "Bip01-L-Finger0",
        "matrix": [
          0.46347734332084645,
          -0.4205063581466674,
          -0.7799764275550843,
          0,
          0.45575420491001095,
          0.8679991152949351,
          -0.19714364859743974,
          0,
          0.7599189969436115,
          -0.2641059186685325,
          0.5939454571965701,
          0,
          1.6857481002807617,
          1.1524600982666016,
          -2.303142547607422,
          1
        ],
        "children": [
          "Bip01-L-Finger01"
        ],
        "jointName": "Bip01-L-Finger0"
      },
      "Bip01-LUpArmTwist1": {
        "name": "Bip01-LUpArmTwist1",
        "matrix": [
          1,
          0.000004112720489501954,
          -0.00000286102294921875,
          0,
          -0.0000032469986566981193,
          0.966927709160291,
          0.25505029410262275,
          0,
          0.000003815353758076219,
          -0.2550503490108936,
          0.9669279173730166,
          0,
          5.296047210693359,
          0.0000171661376953125,
          -0.00002288818359375,
          1
        ],
        "jointName": "Bip01-LUpArmTwist1"
      },
      "Bip01-R-Clavicle": {
        "name": "Bip01-R-Clavicle",
        "matrix": [
          -0.2934057116508483,
          -0.007357798516750294,
          -0.9559596776962276,
          0,
          -0.5083208900458723,
          -0.8456924015417893,
          0.1625243097732031,
          0,
          -0.8096436489029454,
          0.533619829823171,
          0.2443908558576426,
          0,
          -2.2884979248046875,
          1.3712882995605469,
          -0.859595775604248,
          1
        ],
        "children": [
          "Bip01-R-UpperArm",
          "Bip01-RUpArmTwist"
        ],
        "jointName": "Bip01-R-Clavicle"
      },
      "Bip01-R-UpperArm": {
        "name": "Bip01-R-UpperArm",
        "matrix": [
          0.4364722967147831,
          0.32709795236587536,
          0.8381521105766293,
          0,
          -0.24767514091227372,
          0.9392618815728518,
          -0.2375789526648886,
          0,
          -0.8649561190319781,
          -0.10389283519499432,
          0.49097593658274,
          0,
          6.956838130950928,
          0.00000667572021484375,
          0.000003814697265625,
          1
        ],
        "children": [
          "Bip01-R-Forearm"
        ]
      },
      "Bip01-R-Forearm": {
        "name": "Bip01-R-Forearm",
        "matrix": [
          0.9889453649520875,
          -0.14828154444694522,
          0.0000001490116119384766,
          0,
          0.14828155417041008,
          0.9889454298016039,
          0.00000007369089871644884,
          0,
          -0.00000015829128690225767,
          -0.000000050780578148808,
          0.9999999999999875,
          0,
          10.59207534790039,
          0.0000057220458984375,
          0,
          1
        ],
        "children": [
          "Bip01-R-Hand"
        ],
        "jointName": "Bip01-R-Forearm"
      },
      "Bip01-R-Hand": {
        "name": "Bip01-R-Hand",
        "matrix": [
          0.7013498544692993,
          0.7092233300209045,
          -0.07148803770542138,
          0,
          0.12594079816011178,
          -0.0245782763706971,
          0.991733382579128,
          0,
          0.7016033505611332,
          -0.7045552750899065,
          -0.10655811540420573,
          0,
          9.287906646728516,
          0.00000476837158203125,
          -0.0000057220458984375,
          1
        ],
        "children": [
          "Bip01-R-Finger0",
          "Bip01-R-Finger1",
          "Bip01-R-Finger2",
          "Bip01-R-Finger3",
          "Bip01-R-Finger4",
          "Bone14"
        ],
        "jointName": "Bip01-R-Hand"
      },
      "Bip01-R-Finger0": {
        "name": "Bip01-R-Finger0",
        "matrix": [
          0.6067237854003906,
          0.6305654048919679,
          0.48401814699172974,
          0,
          0.6473863926982124,
          -0.03862967238536535,
          -0.7611825921732155,
          0,
          -0.46127791558602776,
          0.7751742931223334,
          -0.4316569745103844,
          0,
          1.6857357025146484,
          1.1524696350097656,
          2.303140640258789,
          1
        ],
        "children": [
          "Bip01-R-Finger01"
        ],
        "jointName": "Bip01-R-Finger0"
      },
      "Bip01-R-Finger01": {
        "name": "Bip01-R-Finger01",
        "matrix": [
          0.7931149005889893,
          0.6090720891952514,
          0.000000029802322387695312,
          0,
          -0.6090720737651948,
          0.7931148804964482,
          -0.00000005960464477539064,
          0,
          -0.00000005994018550485018,
          0.000000029121567005412933,
          0.9999999403953553,
          0,
          1.2276802062988281,
          0.000003337860107421875,
          -0.00000476837158203125,
          1
        ],
        "children": [
          "Bip01-R-Finger02"
        ],
        "jointName": "Bip01-R-Finger01"
      },
      "Bip01-R-Finger02": {
        "name": "Bip01-R-Finger02",
        "matrix": [
          0.9263131022453309,
          0.3767546415328979,
          0.000000007450580596923828,
          0,
          -0.3767545826589556,
          0.926312957494084,
          0,
          0,
          -0.000000006901571088135268,
          -0.000000002807041091204992,
          1.0000001192092984,
          0,
          0.9521007537841797,
          0,
          0.00000286102294921875,
          1
        ],
        "children": [
          "Bip01-R-Finger0Nub"
        ],
        "jointName": "Bip01-R-Finger02"
      },
      "Bip01-R-Finger0Nub": {
        "name": "Bip01-R-Finger0Nub",
        "matrix": [
          -0.9999997615814211,
          -0.0006903409957885229,
          -0.0000006258487701416016,
          0,
          0.0006903409140485866,
          -0.9999996423927622,
          -0.0000008642673492431655,
          0,
          -0.0000006252519445726627,
          -0.0000008646992439504536,
          0.9999999403953567,
          0,
          0.8882236480712891,
          0,
          0,
          1
        ]
      },
      "Bip01-R-Finger1": {
        "name": "Bip01-R-Finger1",
        "matrix": [
          0.8511885404586791,
          0.5161234140396117,
          0.09536480903625487,
          0,
          -0.5059068335720462,
          0.8551812098474221,
          -0.11279785993831033,
          0,
          -0.13977182566707053,
          0.04776654277503209,
          0.9890309235246599,
          0,
          3.7706384658813477,
          -0.1733722686767578,
          1.342752456665039,
          1
        ],
        "children": [
          "Bip01-R-Finger11"
        ],
        "jointName": "Bip01-R-Finger1"
      },
      "Bone02": {
        "name": "Bone02",
        "matrix": [
          0.9866734743118285,
          0.15813747048377988,
          -0.03831108659505845,
          0,
          -0.15663237482111134,
          0.9868647344095471,
          0.0395520850330044,
          0,
          0.0440625400715175,
          -0.0330242464945454,
          0.9984830004540292,
          0,
          2.8457164764404297,
          0.000030517578125,
          0.000024080276489257812,
          1
        ],
        "children": [
          "Bone03"
        ],
        "jointName": "Bone02"
      },
      "Bone03": {
        "name": "Bone03",
        "matrix": [
          0.992354929447174,
          0.11686743795871733,
          -0.03967393562197686,
          0,
          -0.11681658035935058,
          0.9931471347733832,
          0.003605687058773667,
          0,
          0.039823432352667595,
          0.0010564518822197548,
          0.9992062447547561,
          0,
          9.341009140014648,
          0.00000762939453125,
          0.00008344650268554688,
          1
        ],
        "children": [
          "Bone07"
        ],
        "jointName": "Bone03"
      },
      "Bone07": {
        "name": "Bone07",
        "matrix": [
          0.9894863963127136,
          0.13407650589942935,
          -0.05422329157590867,
          0,
          -0.13387569778138464,
          0.990971092444966,
          0.007335588807852852,
          0,
          0.05471724221631233,
          0.0000007156613828126745,
          0.9985019573068783,
          0,
          9.641324996948242,
          0.000011444091796875,
          0.00008618831634521484,
          1
        ],
        "jointName": "Bone07"
      },
      "Bone17": {
        "name": "Bone17",
        "matrix": [
          -0.9571251273155208,
          0.07681703567504872,
          0.2793046832084655,
          0,
          0.28967537802985915,
          0.25257185092056084,
          0.9231988494867726,
          0,
          0.0003728980567287872,
          0.964524271399785,
          -0.2639948045930598,
          0,
          -1.0284881591796875,
          -3.4485905170440674,
          5.991361618041992,
          1
        ],
        "children": [
          "Bone18"
        ],
        "jointName": "Bone17"
      },
      "Bone18": {
        "name": "Bone18",
        "matrix": [
          0.9995589852333068,
          0.029069736599922184,
          -0.006103880703449248,
          0,
          -0.02913485090446098,
          0.9995165468361242,
          -0.010865097864595986,
          0,
          0.005785081844825718,
          0.011038137299320025,
          0.9999222754634852,
          0,
          6.4477996826171875,
          -0.00000286102294921875,
          0.00000286102294921875,
          1
        ],
        "jointName": "Bone18"
      },
      "K_ChangLeBangGaoShou001": {
        "name": "K_ChangLeBangGaoShou001",
        "matrix": [
          2.54,
          0,
          0,
          0,
          0,
          0.0000000000000005639932965095795,
          -2.5400000000000005,
          0,
          0,
          2.5400000000000005,
          0.0000000000000005639932965095795,
          0,
          0,
          0,
          0,
          1
        ],
        "skin": "skin_K_ChangLeBangGaoShou001",
        "meshes": [
          "mesh_M_ChangLeBangGaoShou001_a_MI_136",
          "mesh_M_ChangLeBangGaoShou001_b_MI_137",
          "mesh_M_ChangLeBangGaoShou001_c_MI_138",
          "mesh_M_ChangLeBangGaoShou001_wq_MI_139"
        ]
      },
      "Bip01-R-Finger11": {
        "name": "Bip01-R-Finger11",
        "matrix": [
          0.6860064864158629,
          0.7275949716567994,
          0.00000005960464477539063,
          0,
          -0.7275950645163556,
          0.6860065739676695,
          0.0000000596046447753912,
          0,
          0.000000002478862837554931,
          -0.00000008425725794747875,
          0.9999999403953647,
          0,
          1.7271099090576172,
          -0.000003814697265625,
          -0.000003814697265625,
          1
        ],
        "children": [
          "Bip01-R-Finger12"
        ],
        "jointName": "Bip01-R-Finger11"
      },
      "Bip01-R-Finger12": {
        "name": "Bip01-R-Finger12",
        "matrix": [
          0.889525294303894,
          0.45688578486442555,
          0.000000037252902984619134,
          0,
          -0.45688582153059315,
          0.889525365690401,
          0.00000008940696716308655,
          0,
          0.000000007711368762269659,
          -0.00000009655006378381565,
          0.9999997615814278,
          0,
          1.0268211364746094,
          0,
          0.000003814697265625,
          1
        ],
        "children": [
          "Bip01-R-Finger1Nub"
        ],
        "jointName": "Bip01-R-Finger12"
      },
      "Bip01-R-Finger1Nub": {
        "name": "Bip01-R-Finger1Nub",
        "matrix": [
          -0.999999880790711,
          -0.000690296292304945,
          -0.0000009015202522277834,
          0,
          0.0006902962105485643,
          -0.9999997616534867,
          -0.0000005364418029786734,
          0,
          -0.0000009011495726589245,
          -0.0000005370639591468741,
          0.9999999403956491,
          0,
          1.0072498321533203,
          -0.0000019073486328125,
          -0.000003814697265625,
          1
        ]
      },
      "Bip01-R-Finger2": {
        "name": "Bip01-R-Finger2",
        "matrix": [
          0.634851336479187,
          0.772631525993347,
          0.002034187316894515,
          0,
          -0.7617674364056607,
          0.6254802472696664,
          0.1687736222461021,
          0,
          0.12912750126649014,
          -0.10869575746251928,
          0.9856526905696912,
          0,
          3.9104604721069336,
          -0.019861221313476562,
          0.2563304901123047,
          1
        ],
        "children": [
          "Bip01-R-Finger21"
        ],
        "jointName": "Bip01-R-Finger2"
      },
      "Bip01-R-Finger21": {
        "name": "Bip01-R-Finger21",
        "matrix": [
          0.3055663108825683,
          0.9521706700325013,
          0.000000029802322387695306,
          0,
          -0.9521707500848919,
          0.3055663365726236,
          -0.0000001192092895507812,
          0,
          -0.0000001226141879759722,
          0.000000008049443982641807,
          0.9999999403953549,
          0,
          2.277261734008789,
          -0.00000095367431640625,
          0,
          1
        ],
        "children": [
          "Bip01-R-Finger22"
        ],
        "jointName": "Bip01-R-Finger21"
      },
      "Bip01-R-Finger22": {
        "name": "Bip01-R-Finger22",
        "matrix": [
          0.825433373451233,
          0.5644999742507935,
          0.00000001490116119384765,
          0,
          -0.5644998719375867,
          0.8254332238449662,
          -0.0000001192092895507804,
          0,
          -0.00000007959353102928387,
          0.00000008998759600648154,
          0.9999999999999928,
          0,
          1.1479606628417969,
          -0.0000019073486328125,
          -0.000003814697265625,
          1
        ],
        "children": [
          "Bip01-R-Finger2Nub"
        ],
        "jointName": "Bip01-R-Finger22"
      },
      "Bip01-R-Finger2Nub": {
        "name": "Bip01-R-Finger2Nub",
        "matrix": [
          -0.999999463558197,
          -0.0006903707981103979,
          -0.0000009685754776000977,
          0,
          0.0006903709211248805,
          -0.9999996424131974,
          0.0000004768371582031846,
          0,
          -0.0000009689045568830329,
          0.00000047616833967821263,
          0.9999998211861908,
          0,
          1.330012321472168,
          0,
          0.0000057220458984375,
          1
        ]
      },
      "Bip01-R-Finger3": {
        "name": "Bip01-R-Finger3",
        "matrix": [
          0.6134509444236755,
          0.7897325754165648,
          -0.0007555484771728443,
          0,
          -0.786872799895262,
          0.6113103085980574,
          0.08444481421919543,
          0,
          0.06715068270615647,
          -0.05120822097130633,
          0.9964277837379815,
          0,
          3.849254608154297,
          0.15970420837402344,
          -0.8913192749023438,
          1
        ],
        "children": [
          "Bip01-R-Finger31"
        ],
        "jointName": "Bip01-R-Finger3"
      },
      "Bip01-R-Finger31": {
        "name": "Bip01-R-Finger31",
        "matrix": [
          0.49936845898628224,
          0.866389572620392,
          -0.00000010430812835693358,
          0,
          -0.8663894247280455,
          0.49936837374429727,
          0.00000005960464477539023,
          0,
          0.00000010372905447711639,
          0.00000006060679802191032,
          0.9999998807907039,
          0,
          1.8866252899169922,
          0,
          0.0000057220458984375,
          1
        ],
        "children": [
          "Bip01-R-Finger32"
        ],
        "jointName": "Bip01-R-Finger31"
      },
      "Bip01-R-Finger32": {
        "name": "Bip01-R-Finger32",
        "matrix": [
          0.7405588626861572,
          0.6719912290573121,
          -0.000000044703483581542956,
          0,
          -0.6719912559731266,
          0.7405588923483614,
          -0.00000008940696716308633,
          0,
          -0.00000002697514406767892,
          0.00000009625150269272686,
          1.0000000000000042,
          0,
          1.178802490234375,
          -0.0000057220458984375,
          -0.0000019073486328125,
          1
        ],
        "children": [
          "Bip01-R-Finger3Nub"
        ],
        "jointName": "Bip01-R-Finger32"
      },
      "Bone05": {
        "name": "Bone05",
        "matrix": [
          0.9998516440391539,
          -0.00805231928825378,
          -0.015225674957036969,
          0,
          0.008058741022882112,
          0.9999674552688789,
          0.00036045908915676784,
          0,
          0.015222278020218782,
          -0.0004831054195186579,
          0.9998840686263649,
          0,
          5.460592269897461,
          -0.00003814697265625,
          -0.0002899765968322754,
          1
        ],
        "children": [
          "Bone06"
        ],
        "jointName": "Bone05"
      },
      "Bone06": {
        "name": "Bone06",
        "matrix": [
          0.9957647323608398,
          -0.0686994194984436,
          -0.061095908284187324,
          0,
          0.06875080180107206,
          0.9976328609238374,
          -0.0012631723656931033,
          0,
          0.06103807467918224,
          -0.0029425706562120923,
          0.9981309175238975,
          0,
          6.382320404052734,
          -0.00003814697265625,
          -0.0003390312194824219,
          1
        ],
        "children": [
          "Bone08"
        ],
        "jointName": "Bone06"
      },
      "Bone08": {
        "name": "Bone08",
        "matrix": [
          0.99751877784729,
          -0.06683200597763062,
          -0.022125005722045895,
          0,
          0.06683559570322621,
          0.9977637540328906,
          -0.0005781436340497631,
          0,
          0.02211416878169767,
          -0.0009020288679360647,
          0.9997549059560767,
          0,
          9.478670120239258,
          -0.0000514984130859375,
          -0.0005106925964355469,
          1
        ],
        "jointName": "Bone08"
      },
      "Bone15": {
        "name": "Bone15",
        "matrix": [
          -0.8599070310592652,
          0.4425483345985414,
          0.25438311696052557,
          0,
          0.24772392566840526,
          -0.07392653527471436,
          0.9660059733856556,
          0,
          0.4463100513503315,
          0.8936922213408576,
          -0.04605986886823918,
          0,
          -1.1393013000488281,
          5.678630352020264,
          5.929229736328125,
          1
        ],
        "children": [
          "Bone16"
        ],
        "jointName": "Bone15"
      },
      "Bone16": {
        "name": "Bone16",
        "matrix": [
          0.9999493956565858,
          0.008120030164718626,
          -0.005970448255538939,
          0,
          -0.008157253135692055,
          0.9999474883090035,
          -0.006236813963637977,
          0,
          0.005919490449571792,
          0.0062851995691091634,
          0.9999629260998878,
          0,
          7.167564392089844,
          0.0000057220458984375,
          -0.000003814697265625,
          1
        ],
        "jointName": "Bone16"
      },
      "Bone09": {
        "name": "Bone09",
        "matrix": [
          -0.9627924561500558,
          0.25151413679122914,
          -0.09885138273239139,
          0,
          -0.031078612703479957,
          0.26031050304592485,
          0.965024693565038,
          0,
          0.26844937319161494,
          0.9321905450482817,
          -0.242808248512936,
          0,
          -1.3137359619140625,
          3.812347173690796,
          -5.689723968505859,
          1
        ],
        "children": [
          "Bone10"
        ],
        "jointName": "Bone09"
      },
      "Bone10": {
        "name": "Bone10",
        "matrix": [
          0.9999812245368958,
          -0.00136084109544754,
          -0.00597025454044342,
          0,
          0.0013236010044545812,
          0.9999796152142452,
          -0.006237121299997396,
          0,
          0.00597862084601997,
          0.006229102248807213,
          0.9999626876668369,
          0,
          7.204343795776367,
          0.000003814697265625,
          -0.00000762939453125,
          1
        ],
        "jointName": "Bone10"
      },
      "Bone12": {
        "name": "Bone12",
        "matrix": [
          -0.997776389122009,
          -0.05017811805009879,
          -0.043868038803339005,
          0,
          -0.04505152330794041,
          0.022702338262815265,
          0.9987267914503452,
          0,
          -0.04911830972271841,
          0.9984820477986949,
          -0.02491245061891492,
          0,
          -0.6788291931152344,
          -5.0180768966674805,
          -5.657459259033203,
          1
        ],
        "children": [
          "Bone13"
        ],
        "jointName": "Bone12"
      },
      "Bone13": {
        "name": "Bone13",
        "matrix": [
          0.9994873404502869,
          -0.005672216415405273,
          -0.03150540590286257,
          0,
          0.005220900424637145,
          0.9998828172143363,
          -0.014388890925772387,
          0,
          0.03158333494255139,
          0.014217029549373726,
          0.9993999592632514,
          0,
          6.511821746826172,
          -0.0002079010009765625,
          0.00021457672119140625,
          1
        ],
        "jointName": "Bone13"
      },
      "Bone01": {
        "name": "Bone01",
        "matrix": [
          -0.9360328316688532,
          -0.34921789169311523,
          0.043470147997140864,
          0,
          -0.3519025250650966,
          0.9297885372550236,
          -0.10797120607424551,
          0,
          -0.002712568114266459,
          -0.11636183756188839,
          -0.9932031610021335,
          0,
          2.9364242553710938,
          -4.94366455078125,
          0.000024557113647460938,
          1
        ],
        "children": [
          "Bone02"
        ],
        "jointName": "Bone01"
      },
      "Bip01-L-Finger01": {
        "name": "Bip01-L-Finger01",
        "matrix": [
          0.843352496623993,
          0.5373606681823729,
          -0.00000002980232238769531,
          0,
          -0.5373606681823706,
          0.8433524966239945,
          0.00000008940696716308616,
          0,
          0.00000007317764328176671,
          -0.00000005938698715716659,
          0.9999998211860686,
          0,
          1.2276725769042969,
          0,
          0.0000095367431640625,
          1
        ],
        "children": [
          "Bip01-L-Finger02"
        ],
        "jointName": "Bip01-L-Finger01"
      },
      "Bip01-L-Finger02": {
        "name": "Bip01-L-Finger02",
        "matrix": [
          0.9680771827697753,
          0.2506520748138428,
          -0.00000002980232238769532,
          0,
          -0.250652076686221,
          0.9680771900013257,
          -0.00000011920928955078125,
          0,
          -0.0000000010291072286927348,
          0.00000012287380459378346,
          0.9999998807907104,
          0,
          0.9520931243896484,
          -0.000003814697265625,
          0.0000057220458984375,
          1
        ],
        "children": [
          "Bip01-L-Finger0Nub"
        ],
        "jointName": "Bip01-L-Finger02"
      },
      "Bip01-L-Finger0Nub": {
        "name": "Bip01-L-Finger0Nub",
        "matrix": [
          1,
          -0.0000018179416656494139,
          0.000004172325134277344,
          0,
          0.000001817947509863616,
          1.0000000000001101,
          -0.000001400709152221219,
          0,
          -0.000004172322339164848,
          0.0000014007166537948398,
          0.9999999403950266,
          0,
          0.8882179260253906,
          -0.000003814697265625,
          0.000011444091796875,
          1
        ]
      },
      "Bip01-L-Finger1": {
        "name": "Bip01-L-Finger1",
        "matrix": [
          0.9326168298721313,
          0.35775130987167353,
          -0.04732741415500641,
          0,
          -0.3472902493637136,
          0.9254109144179918,
          0.15167182749475933,
          0,
          0.09805807941465605,
          -0.12501532250795488,
          0.9872971219758232,
          0,
          3.770641326904297,
          -0.1733875274658203,
          -1.3427467346191406,
          1
        ],
        "children": [
          "Bip01-L-Finger11"
        ],
        "jointName": "Bip01-L-Finger1"
      },
      "Bip01-L-Finger11": {
        "name": "Bip01-L-Finger11",
        "matrix": [
          0.9812784194946289,
          0.19259575009346008,
          -0.0000000000000000000000002067952006514996,
          0,
