{
    "asset": {
      "generator": "tmx:FBX2GLTF",
      "premultipliedAlpha": true,
      "profile": {
        "api": "WebGL",
        "version": "1.0.2"
      },
      "version": "1.0"
    },
    "scene": "test",
    "scenes": {
      "test": {
        "nodes": [
          "RootNode"
        ]
      }
    },
    "nodes": {
      "RootNode": {
        "name": "RootNode",
        "children": [
          "Sky001",
          "Bip01",
          "K_ChangLeBangGaoShou001"
        ]
      },
      "Bip01-Spine": {
        "name": "Bip01-Spine",
        "matrix": [
          0.9997459053993225,
          0.021622568368911743,
          0.006400508806109428,
          0,
          -0.017631742949097154,
          0.9264942971697542,
          -0.3758956574280588,
          0,
          -0.014057860692733359,
          0.3756871915630359,
          0.9266398752044264,
          0,
          3.1580352783203125,
          0.0029692500829696655,
          0.050588905811309814,
          1
        ],
        "children": [
          "Bip01-Spine1",
          "Bip01-L-Thigh",
          "Bip01-R-Thigh"
        ],
        "jointName": "Bip01-Spine"
      },
      "Bip01-Spine1": {
        "name": "Bip01-Spine1",
        "matrix": [
          0.99997478723526,
          0.007095079869031905,
          0.0003498356090858579,
          0,
          -0.00668758528573895,
          0.9568643554943191,
          -0.2904574325723715,
          0,
          -0.0023955642053751216,
          0.29044780592522357,
          0.9568877983250011,
          0,
          7.109291076660156,
          -0.00557941198348999,
          0.0016935169696807861,
          1
        ],
        "children": [
          "Bip01-Spine2"
        ],
        "jointName": "Bip01-Spine1"
      },
      "Bip01-Pelvis": {
        "name": "Bip01-Pelvis",
        "matrix": [
          -0.0015731253661217953,
          -0.015482894144956122,
          0.9998790025711058,
          0,
          0.9977797350609735,
          0.066554727392649,
          0.0026004070526610794,
          0,
          -0.06658692817943714,
          0.9976629758416367,
          0.01534381722396043,
          0,
          0,
          0,
          -0.000003814697265625,
          1
        ],
        "children": [
          "Bip01-Spine",
          "Bone04",
          "Bone15",
          "Bone09",
          "Bone12",
          "Bone01",
          "Bone17"
        ],
        "jointName": "Bip01-Pelvis"
      },
      "Bip01": {
        "name": "Bip01",
        "matrix": [
          0.027189928293227927,
          -0.0000000000000005639609909376691,
          2.5398545086383826,
          0,
          2.539854508638382,
          0.000000000000000006037376885809726,
          -0.02718992829322793,
          0,
          0,
          2.5400000000000005,
          0.0000000000000005639932965095795,
          0,
          0.03700824856758118,
          86.34248168945312,
          0.0000000000000000000000000000000005266214691683848,
          1
        ],
        "children": [
          "Bip01-Pelvis"
        ]
      },
      "Sky001": {
        "name": "Sky001",
        "matrix": [
          2.54,
          0,
          0,
          0,
          0,
          2.5400000000000005,
          -0.00000000000000000000000000000012523166870383563,
          0,
          0,
          0.00000000000000000000000000000012523166870383563,
          2.5400000000000005,
          0,
          0,
          0,
          0,
          1
        ]
      },
      "Bone02": {
        "name": "Bone02",
        "matrix": [
          0.9866734147071837,
          0.15813744068145758,
          -0.03831113874912261,
          0,
          -0.15663229482567934,
          0.9868643752868825,
          0.03955208505861395,
          0,
          0.04406257722044217,
          -0.03302423951745857,
          0.9984825838680232,
          0,
          2.8457088470458984,
          0.000026702880859375,
          0.000028431415557861328,
          1
        ],
        "children": [
          "Bone03"
        ],
        "jointName": "Bone02"
      },
      "Bone03": {
        "name": "Bone03",
        "matrix": [
          0.9923545122146606,
          0.11686736345291138,
          -0.03967387601733207,
          0,
          -0.11681649957801621,
          0.993146658674375,
          0.0036056740186872793,
          0,
          0.039823376647991716,
          0.0010564568005667528,
          0.9992059462963576,
          0,
          9.341005325317383,
          0.0000152587890625,
          0.0000978708267211914,
          1
        ],
        "children": [
          "Bone07"
        ],
        "jointName": "Bone03"
      },
      "Bone07": {
        "name": "Bone07",
        "matrix": [
          0.9894864559173583,
          0.1340768933296204,
          -0.05422183126211168,
          0,
          -0.13387607906179025,
          0.9909711528806461,
          0.00733591148228798,
          0,
          0.05471583862989682,
          0.00000022111535567201915,
          0.9985020725910858,
          0,
          9.641321182250977,
          0.00001621246337890625,
          0.0001010894775390625,
          1
        ],
        "jointName": "Bone07"
      },
      "Bone17": {
        "name": "Bone17",
        "matrix": [
          -0.7955719828605653,
          -0.1954735964536665,
          0.5734593868255614,
          0,
          0.5340457993167238,
          0.22073136638309476,
          0.8161328252529972,
          0,
          -0.28611283985760616,
          0.9555458106798079,
          -0.07121582465261755,
          0,
          -1.0284881591796875,
          -3.4485907554626465,
          5.991358757019043,
          1
        ],
        "children": [
          "Bone18"
        ],
        "jointName": "Bone17"
      },
      "Bone18": {
        "name": "Bone18",
        "matrix": [
          0.9995585680007933,
          0.02906957268714905,
          -0.006103485822677613,
          0,
          -0.029134696246181743,
          0.9995165422228519,
          -0.010865345598090536,
          0,
          0.005784684545001341,
          0.011038373358000094,
          0.9999223352236329,
          0,
          6.447793006896973,
          -0.00000762939453125,
          0.0000057220458984375,
          1
        ],
        "jointName": "Bone18"
      },
      "K_ChangLeBangGaoShou001": {
        "name": "K_ChangLeBangGaoShou001",
        "matrix": [
          2.54,
          0,
          0,
          0,
          0,
          0.0000000000000005639932965095795,
          -2.5400000000000005,
          0,
          0,
          2.5400000000000005,
          0.0000000000000005639932965095795,
          0,
          0,
          0,
          0,
          1
        ],
        "skin": "skin_K_ChangLeBangGaoShou001",
        "meshes": [
          "mesh_M_ChangLeBangGaoShou001_a_MI_48",
          "mesh_M_ChangLeBangGaoShou001_b_MI_49",
          "mesh_M_ChangLeBangGaoShou001_c_MI_50",
          "mesh_M_ChangLeBangGaoShou001_wq_MI_51"
        ]
      },
      "Bip01-L-Finger2Nub": {
        "name": "Bip01-L-Finger2Nub",
        "matrix": [
          1,
          -0.0000003576278686523437,
          -0.0000026524066925048824,
          0,
          0.00000035763021877244217,
          0.9999999403953552,
          0.0000008940696716310327,
          0,
          0.000002652406372760807,
          -0.0000008940706735026423,
          1.0000000000001938,
          0,
          1.3300037384033203,
          -0.000003814697265625,
          -0.000003814697265625,
          1
        ]
      },
      "Bip01-L-Finger3": {
        "name": "Bip01-L-Finger3",
        "matrix": [
          0.027004748582840365,
          0.99216103553772,
          -0.12201341986656189,
          0,
          -0.9873036132770403,
          0.0073592417308323685,
          -0.15867379978541984,
          0,
          -0.15653202314561243,
          0.12474922672050034,
          0.9797628340068536,
          0,
          3.849262237548828,
          0.15969085693359375,
          0.891326904296875,
          1
        ],
        "children": [
          "Bip01-L-Finger31"
        ],
        "jointName": "Bip01-L-Finger3"
      },
      "Bip01-L-Finger31": {
        "name": "Bip01-L-Finger31",
        "matrix": [
          0.5153222084045409,
          0.8569962978363037,
          0.0000000521540641784668,
          0,
          -0.8569963504826345,
          0.5153222400614126,
          0.000000029802322387695346,
          0,
          -0.0000000013356693172924305,
          -0.00000006005364528600828,
          0.9999997615814223,
          0,
          1.8866386413574219,
          0.0000019073486328125,
          0.00000476837158203125,
          1
        ],
        "children": [
          "Bip01-L-Finger32"
        ],
        "jointName": "Bip01-L-Finger31"
      },
      "Bip01-L-Finger32": {
        "name": "Bip01-L-Finger32",
        "matrix": [
          0.6758251786231995,
          0.7370620369911195,
          0.00000005960464477539064,
          0,
          -0.7370620343008476,
          0.6758251761564368,
          0.00000005960464477539045,
          0,
          0.00000000365000070069032,
          -0.00000008421462574790502,
          0.9999999403953527,
          0,
          1.1787948608398438,
          0,
          -0.000004291534423828125,
          1
        ],
        "children": [
          "Bip01-L-Finger3Nub"
        ],
        "jointName": "Bip01-L-Finger32"
      },
      "Bip01-L-Finger3Nub": {
        "name": "Bip01-L-Finger3Nub",
        "matrix": [
          1,
          -0.0000005960464477539064,
          -0.0000025331974029541016,
          0,
          0.0000005960480919942058,
          0.9999999403953552,
          0.0000006631016731262601,
          0,
          0.000002533197309694547,
          -0.0000006631033016056387,
          1.000000119209349,
          0,
          1.1051959991455078,
          0,
          -0.00000095367431640625,
          1
        ]
      },
      "Bip01-L-Finger4": {
        "name": "Bip01-L-Finger4",
        "matrix": [
          0.0236178040504456,
          0.985045790672302,
          -0.17066644132137293,
          0,
          -0.9358566264544069,
          -0.03825337698053401,
          -0.35029854688310125,
          0,
          -0.3515887193990533,
          0.167992622815968,
          0.9209582813752124,
          0,
          3.5281810760498047,
          0.3223876953125,
          1.776498794555664,
          1
        ],
        "children": [
          "Bip01-L-Finger41"
        ],
        "jointName": "Bip01-L-Finger4"
      },
      "Bip01-L-Finger41": {
        "name": "Bip01-L-Finger41",
        "matrix": [
          0.6758251190185546,
          0.7370619773864747,
          -0.00000004284083843231201,
          0,
          -0.737062163600696,
          0.6758252897616581,
          0.00000002980232238769551,
          0,
          0.00000005091906129318563,
          0.000000011435198628586629,
          0.9999998211860721,
          0,
          1.4410476684570312,
          0,
          -0.000001430511474609375,
          1
        ],
        "children": [
          "Bip01-L-Finger42"
        ],
        "jointName": "Bip01-L-Finger41"
      },
      "Bip01-L-Finger42": {
        "name": "Bip01-L-Finger42",
        "matrix": [
          0.6758251190185546,
          0.7370619773864746,
          0.00000002980232238769531,
          0,
          -0.7370618856245014,
          0.6758250348803871,
          -0.000000081956386566162,
          0,
          -0.00000008054810116301657,
          0.00000003342203261010037,
          0.999999940395354,
          0,
          0.9404697418212891,
          -0.000003814697265625,
          -0.000000476837158203125,
          1
        ],
        "children": [
          "Bip01-L-Finger4Nub"
        ],
        "jointName": "Bip01-L-Finger42"
      },
      "Bip01-L-Finger4Nub": {
        "name": "Bip01-L-Finger4Nub",
        "matrix": [
          1.0000001192092896,
          -0.0000005066394805908202,
          -0.0000027492642402648926,
          0,
          0.0000005066410168617553,
          1.000000119209305,
          0.0000005587935447692884,
          0,
          0.0000027492633016818266,
          -0.0000005587948044319227,
          0.9999998807907127,
          0,
          0.9055824279785156,
          0.00000762939453125,
          -0.00000286102294921875,
          1
        ]
      },
      "Bip01-LUpArmTwist": {
        "name": "Bip01-LUpArmTwist",
        "matrix": [
          0.6085904836654664,
          0.011454313993453981,
          -0.7934017777442932,
          0,
          -0.19574938001677283,
          0.9711590897283333,
          -0.13613184610872847,
          0,
          0.7689602847170104,
          0.23815652443891228,
          0.5932805350452327,
          0,
          6.956830024719238,
          0.00001430511474609375,
          0.000019073486328125,
          1
        ],
        "children": [
          "Bip01-LUpArmTwist1"
        ],
        "jointName": "Bip01-LUpArmTwist"
      },
      "Bip01-R-Finger11": {
        "name": "Bip01-R-Finger11",
        "matrix": [
          0.6686076521873472,
          0.7436150312423708,
          -0.00000023841857910156245,
          0,
          -0.7436151893892707,
          0.6686077943821919,
          -0.000000014901161193847382,
          0,
          0.00000014832783440888232,
          0.00000018725475969839086,
          0.9999999999999812,
          0,
          1.7271156311035156,
          0.000011444091796875,
          -0.00000476837158203125,
          1
        ],
        "children": [
          "Bip01-R-Finger12"
        ],
        "jointName": "Bip01-R-Finger11"
      },
      "Bip01-R-Finger12": {
        "name": "Bip01-R-Finger12",
        "matrix": [
          0.7910555601119995,
          0.6117439270019532,
          -0.000000014901161193847653,
          0,
          -0.611744020072462,
          0.791055680462918,
          0,
          0,
          0.000000011787649830322756,
          0.000000009115697507144246,
          0.9999998211860673,
          0,
          1.0268096923828125,
          -0.00000095367431640625,
          0,
          1
        ],
        "children": [
          "Bip01-R-Finger1Nub"
        ],
        "jointName": "Bip01-R-Finger12"
      },
      "Bip01-R-Finger1Nub": {
        "name": "Bip01-R-Finger1Nub",
        "matrix": [
          -0.9999998807907108,
          -0.0006904006004332751,
          -0.0000007003545761108401,
          0,
          0.0006904004771395117,
          -0.9999997019357121,
          -0.0000002682209014892546,
          0,
          -0.0000007001691459131093,
          -0.00000026870437869284745,
          0.9999999999999879,
          0,
          1.0072441101074219,
          0,
          0,
          1
        ]
      },
      "Bip01-R-Finger2": {
        "name": "Bip01-R-Finger2",
        "matrix": [
          0.589197814464569,
          0.8079884648323061,
          0.0007959008216857939,
          0,
          -0.8059343716786219,
          0.5876291672005586,
          0.07184525545858056,
          0,
          0.05758244550575798,
          -0.042972513100119444,
          0.9974155379717763,
          0,
          3.9104537963867188,
          -0.019866943359375,
          0.2563199996948242,
          1
        ],
        "children": [
          "Bip01-R-Finger21"
        ],
        "jointName": "Bip01-R-Finger2"
      },
      "Bip01-R-Finger21": {
        "name": "Bip01-R-Finger21",
        "matrix": [
          0.612341046333313,
          0.7905936241149903,
          -0.00000005960464477539064,
          0,
          -0.7905936325147983,
          0.6123410528392469,
          0.00000004470348358154297,
          0,
          0.00000007184067108453615,
          0.00000001974927775527746,
          0.9999999999999999,
          0,
          2.277273178100586,
          0.000003814697265625,
          0.000003814697265625,
          1
        ],
        "children": [
          "Bip01-R-Finger22"
        ],
        "jointName": "Bip01-R-Finger21"
      },
      "Bip01-R-Finger22": {
        "name": "Bip01-R-Finger22",
        "matrix": [
          0.763588547706604,
          0.6457030773162843,
          0.00000001490116119384765,
          0,
          -0.6457030343170118,
          0.7635884968569883,
          0.00000008940696716308563,
          0,
          0.00000004635201573908594,
          -0.00000007789189008837197,
          1.0000002384185753,
          0,
          1.1479568481445312,
          0.00000286102294921875,
          0.00000286102294921875,
          1
        ],
        "children": [
          "Bip01-R-Finger2Nub"
        ],
        "jointName": "Bip01-R-Finger22"
      },
      "Bip01-R-Finger2Nub": {
        "name": "Bip01-R-Finger2Nub",
        "matrix": [
          -0.999999761581421,
          -0.00000002980232295424738,
          -0.0000006109476089477537,
          0,
          0.00000002980249392863427,
          -1.0000000000000067,
          -0.00000026822090148924775,
          0,
          -0.0000006109476373694476,
          -0.00000026822087173536445,
          0.9999998211860279,
          0,
          1.3300132751464844,
          -0.0000057220458984375,
          0.0000019073486328125,
          1
        ]
      },
      "Bip01-R-Finger3": {
        "name": "Bip01-R-Finger3",
        "matrix": [
          0.3923052549362184,
          0.9182350635528564,
          0.05423843860626218,
          0,
          -0.9064184902369645,
          0.37587592460298763,
          0.19267301279382767,
          0,
          0.15653213407796315,
          -0.12474931216905616,
          0.9797629723143854,
          0,
          3.849252700805664,
          0.159698486328125,
          -0.8913135528564453,
          1
        ],
        "children": [
          "Bip01-R-Finger31"
        ],
        "jointName": "Bip01-R-Finger3"
      },
      "Bip01-R-Finger31": {
        "name": "Bip01-R-Finger31",
        "matrix": [
          0.5015465021133423,
          0.8651306629180908,
          -0.00000004470348358154296,
          0,
          -0.865130893088039,
          0.5015466355509111,
          0.000000000000000000000003308723260530955,
          0,
          0.000000022420876770934905,
          0.00000003867435602144882,
          1,
          0,
          1.8866195678710938,
          -0.00000762939453125,
          0,
          1
        ],
        "children": [
          "Bip01-R-Finger32"
        ],
        "jointName": "Bip01-R-Finger31"
      },
      "Bip01-R-Finger32": {
        "name": "Bip01-R-Finger32",
        "matrix": [
          0.5149600505828859,
          0.857214331626892,
          0.00000014528632164001465,
          0,
          -0.8572144455351458,
          0.5149601190117566,
          -0.00000005960464477539078,
          0,
          -0.00000012591056723849214,
          -0.00000009384748550958262,
          1.0000000000000027,
          0,
          1.178802490234375,
          0,
          0,
          1
        ],
        "children": [
          "Bip01-R-Finger3Nub"
        ],
        "jointName": "Bip01-R-Finger32"
      },
      "Bip01-L-Calf": {
        "name": "Bip01-L-Calf",
        "matrix": [
          0.8145830631256104,
          -0.5800469517707824,
          -0.00000008940696716308594,
          0,
          0.5800469436620489,
          0.8145830517381994,
          -0.000000044703483581542783,
          0,
          0.00000009875951766593008,
          -0.000000015445537163179166,
          0.9999999999999959,
          0,
          18.578838348388672,
          -0.00000095367431640625,
          0.0000095367431640625,
          1
        ],
        "children": [
          "Bip01-L-Foot"
        ],
        "jointName": "Bip01-L-Calf"
      },
      "Bip01-L-Foot": {
        "name": "Bip01-L-Foot",
        "matrix": [
          0.8308780193328857,
          0.4770503044128419,
          0.2864689230918884,
          0,
          -0.49782745968679665,
          0.8672758396380744,
          -0.0003501588726487392,
          0,
          -0.24861468101504106,
          -0.14232119233706483,
          0.9580894112539131,
          0,
          14.034371376037598,
          0.0000002384185791015625,
          0.0000019073486328125,
          1
        ],
        "children": [
          "Bip01-L-Toe0"
        ],
        "jointName": "Bip01-L-Foot"
      },
      "Bip01-L-Toe0": {
        "name": "Bip01-L-Toe0",
        "matrix": [
          0.006999672856181966,
          0.9996473193168637,
          -0.025611827149987224,
          0,
          -0.9979806540820039,
          0.005366473289260341,
          -0.06328941110235135,
          0,
          -0.06312967050676366,
          0.026003123705706233,
          0.9976666528151583,
          0,
          4.82071590423584,
          6.6672515869140625,
          0.00000762939453125,
          1
        ],
        "children": [
          "Bip01-L-Toe0Nub"
        ],
        "jointName": "Bip01-L-Toe0"
      },
      "Bip01-L-Toe0Nub": {
        "name": "Bip01-L-Toe0Nub",
        "matrix": [
          -0.9999998211860657,
          -0.00000008550705381352621,
          -0.0000003813802322838456,
          0,
          0.0000000855068543218087,
          -0.9999998807907106,
          0.0000005364418029785109,
          0,
          -0.0000003813803463495232,
          0.0000005364418343167223,
          0.9999999999999912,
          0,
          2.8172836303710938,
          0.0000005364418029785156,
          0,
          1
        ]
      },
      "Bip01-R-Thigh": {
        "name": "Bip01-R-Thigh",
        "matrix": [
          -0.8176323175430302,
          0.5050313472747802,
          -0.27644371986389166,
          0,
          0.5283327541760439,
          0.8489568331236558,
          -0.011691786747304225,
          0,
          0.2287841386839738,
          -0.15561390392790037,
          -0.9609594503194134,
          0,
          -3.1835670471191406,
          1.5971567630767822,
          -3.763486385345459,
          1
        ],
        "children": [
          "Bip01-R-Calf"
        ],
        "jointName": "Bip01-R-Thigh"
      },
      "Bip01-R-Calf": {
        "name": "Bip01-R-Calf",
        "matrix": [
          0.8296734094619751,
          -0.5582490563392638,
          0.00000004470348358154296,
          0,
          0.5582490749145758,
          0.8296734370687266,
          0.00000001396983861923226,
          0,
          -0.00000004488794171482243,
          0.000000013365274603781394,
          1.000000000000006,
          0,
          18.578842163085938,
          -0.0000019073486328125,
          0.00000095367431640625,
          1
        ],
        "children": [
          "Bip01-R-Foot"
        ],
        "jointName": "Bip01-R-Calf"
      },
      "Bip01-R-Foot": {
        "name": "Bip01-R-Foot",
        "matrix": [
          0.9857611656188965,
          -0.0006902068853378318,
          -0.1681501567363739,
          0,
          -0.031390144848805354,
          0.9816575054807284,
          -0.1880505683619775,
          0,
          0.16519566435866662,
          0.19065121349598946,
          0.9676582230502122,
          0,
          14.0343656539917,
          0.0000019073486328125,
          -0.00000286102294921875,
          1
        ],
        "children": [
          "Bip01-R-Toe0"
        ],
        "jointName": "Bip01-R-Foot"
      },
      "Bip01-R-Toe0": {
        "name": "Bip01-R-Toe0",
        "matrix": [
          -0.00000000745058059692359,
          0.9999998211860657,
          -0.0000000037252902984619132,
          0,
          -0.9999998807907106,
          -0.00000000745058104101288,
          -0.000000003725290298461914,
          0,
          -0.0000000037252903262174955,
          0.000000003725290492750978,
          0.9999998807907104,
          0,
          4.820713996887207,
          6.667258262634277,
          -0.00000286102294921875,
          1
        ],
        "children": [
          "Bip01-R-Toe0Nub"
        ],
        "jointName": "Bip01-R-Toe0"
      },
      "Bip01-R-Toe0Nub": {
        "name": "Bip01-R-Toe0Nub",
        "matrix": [
          0.9999999999999999,
          -0.0000000037252902984619132,
          0.00000002514570951461792,
          0,
          0.000000003725298753504136,
          0.9999998807907104,
          -0.00000035390257835388215,
          0,
          -0.000000025145708196227946,
          0.00000035390262063603777,
          1.0000000000000009,
          0,
          2.8172826766967773,
          -0.000000029802322387695312,
          0.0000019073486328125,
          1
        ]
      },
      "Bone04": {
        "name": "Bone04",
        "matrix": [
          -0.756884455680847,
          0.6323455572128291,
          -0.16512119770050046,
          0,
          0.6334325840357372,
          0.7719899872906275,
          0.052865181570740556,
          0,
          0.1609009609803053,
          -0.06458030753048324,
          -0.984855421866589,
          0,
          2.7064476013183594,
          5.0731329917907715,
          -0.00001233816146850586,
          1
        ],
        "children": [
          "Bone05"
        ],
        "jointName": "Bone04"
      },
      "Bip01-L-Finger01": {
        "name": "Bip01-L-Finger01",
        "matrix": [
          0.9250494837760924,
          0.37984693050384527,
          -0.0000002086162567138672,
          0,
          -0.3798469262038753,
          0.925049473304231,
          -0.00000009313225746154928,
          0,
          0.00000015760431114105246,
          0.00000016539414319900435,
          0.9999999403953705,
          0,
          1.2276744842529297,
          0.000003814697265625,
          0,
          1
        ],
        "children": [
          "Bip01-L-Finger02"
        ],
        "jointName": "Bip01-L-Finger01"
      },
      "Bip01-L-Finger02": {
        "name": "Bip01-L-Finger02",
        "matrix": [
          0.6758250594139099,
          0.7370619177818297,
          0.00000011175870895385746,
          0,
          -0.7370619798532332,
          0.6758251163282819,
          -0.00000005587935447692897,
          0,
          -0.00000011671591623259867,
          -0.00000004460843853259773,
          1.0000001192092944,
          0,
          0.9520988464355469,
          0,
          -0.0000019073486328125,
          1
        ],
        "children": [
          "Bip01-L-Finger0Nub"
        ],
        "jointName": "Bip01-L-Finger02"
      },
      "Bip01-L-Finger0Nub": {
        "name": "Bip01-L-Finger0Nub",
        "matrix": [
          1.0000001192092896,
          0.0000023543834686279297,
          -0.0000007823109626770018,
          0,
          -0.0000023543842167242045,
          1.000000000000142,
          -0.0000013150274753570483,
          0,
          0.0000007823078665937122,
          0.0000013150294739736385,
          1.0000001192092838,
          0,
          0.8882274627685547,
          0.000003814697265625,
          0.000003814697265625,
          1
        ]
      },
      "Bip01-L-Finger1": {
        "name": "Bip01-L-Finger1",
        "matrix": [
          0.0824415683746338,
          0.9940903782844542,
          0.07062321901321408,
          0,
          -0.9855539192771691,
          0.07080357076215034,
          0.15385113468288586,
          0,
          0.14794156802518307,
          -0.0822867254894297,
          0.9855669020234579,
          0,
          3.770648956298828,
          -0.1733856201171875,
          -1.342738151550293,
          1
        ],
        "children": [
          "Bip01-L-Finger11"
        ],
        "jointName": "Bip01-L-Finger1"
      },
      "Bip01-L-Finger11": {
        "name": "Bip01-L-Finger11",
        "matrix": [
          0.35091450810432445,
          0.9364074468612671,
          -0.000000029802322387695312,
          0,
          -0.9364074370682562,
          0.3509145044344317,
          -0.0000001788139343261768,
          0,
          -0.00000015698466879810378,
          0.00000009065554108541131,
          1.000000119209317,
          0,
          1.72711181640625,
          0.00000476837158203125,
          -0.00000095367431640625,
          1
        ],
        "children": [
          "Bip01-L-Finger12"
        ],
        "jointName": "Bip01-L-Finger11"
      },
      "Bip01-L-Finger12": {
        "name": "Bip01-L-Finger12",
        "matrix": [
          0.6758253574371338,
          0.7370619177818298,
          -0.00000002980232238769532,
          0,
          -0.7370620176145958,
          0.6758254489755987,
          0.00000005960464477539149,
          0,
          0.00000006407346120138206,
          -0.00000001831616463321151,
          1.0000000000000142,
          0,
          1.026815414428711,
          0.000003814697265625,
          -0.000003814697265625,
          1
        ],
        "children": [
          "Bip01-L-Finger1Nub"
        ],
        "jointName": "Bip01-L-Finger12"
      },
      "Bip01-L-Finger1Nub": {
        "name": "Bip01-L-Finger1Nub",
        "matrix": [
          1.000000238418579,
          0.000000029802322387695312,
          -0.0000026226043701171875,
          0,
          -0.000000029799840817783157,
          1.000000238418607,
          0.0000009462237358096353,
          0,
          0.0000026226047109564324,
          -0.0000009462237704553662,
          1.0000003576281953,
          0,
          1.0072498321533203,
          -0.000003814697265625,
          -0.0000019073486328125,
          1
        ]
      },
      "Bip01-L-Finger2": {
        "name": "Bip01-L-Finger2",
        "matrix": [
          0.17239284515380843,
          0.9844933748245241,
          -0.03246316313743592,
          0,
          -0.9833438373669922,
          0.17007796293708316,
          -0.0640977024987057,
          0,
          -0.057582484722756934,
          0.042972429197880864,
          0.9974155425325358,
          0,
          3.910463333129883,
          -0.01987457275390625,
          -0.256314754486084,
          1
        ],
        "children": [
          "Bip01-L-Finger21"
        ],
        "jointName": "Bip01-L-Finger2"
      },
      "Bip01-L-Finger21": {
        "name": "Bip01-L-Finger21",
        "matrix": [
          0.35334402322769154,
          0.9354934692382815,
          0.00000005960464477539064,
          0,
          -0.9354935214011675,
          0.35334404293006755,
          0.0000000000000000000000033087226839034006,
          0,
          -0.000000021060940595688917,
          -0.000000055759744294829506,
          0.9999998211860668,
          0,
          2.2772674560546875,
          -0.00000858306884765625,
          0.0000019073486328125,
          1
        ],
        "children": [
          "Bip01-L-Finger22"
        ],
        "jointName": "Bip01-L-Finger21"
      },
      "Bip01-L-Finger22": {
        "name": "Bip01-L-Finger22",
        "matrix": [
          0.6758251786231995,
          0.7370620965957643,
          -0.0000001490116119384766,
          0,
          -0.7370620992860516,
          0.6758251810899607,
          -0.00000005215406417846636,
          0,
          0.0000000622649989496841,
          0.00000014507780214642248,
          0.9999999403953472,
          0,
          1.1479692459106445,
          0.00000762939453125,
          -0.00000476837158203125,
          1
        ],
        "children": [
          "Bip01-L-Finger2Nub"
        ],
        "jointName": "Bip01-L-Finger22"
      },
      "Bip01-R-Finger3Nub": {
        "name": "Bip01-R-Finger3Nub",
        "matrix": [
          -0.9999999403953552,
          -0.00000007823109616812016,
          -0.0000007795169949531555,
          0,
          0.0000000782309149797117,
          -0.9999999999999997,
          0.0000002384185791015714,
          0,
          -0.0000007795168742164142,
          0.00000023841846127584323,
          0.9999997615814582,
          0,
          1.1051883697509766,
          0,
          0.0000057220458984375,
          1
        ]
      },
      "Bip01-R-Finger4": {
        "name": "Bip01-R-Finger4",
        "matrix": [
          0.4816000759601593,
          0.8760609626770018,
          -0.024054586887359578,
          0,
          -0.8027746363922579,
          0.4519909114602338,
          0.38891822144005905,
          0,
          0.35158848930824205,
          -0.16799261515221572,
          0.9209582816128574,
          0,
          3.5281734466552734,
          0.3224029541015625,
          -1.7764873504638672,
          1
        ],
        "children": [
          "Bip01-R-Finger41"
        ],
        "jointName": "Bip01-R-Finger4"
      },
      "Bip01-R-Finger41": {
        "name": "Bip01-R-Finger41",
        "matrix": [
          0.6805821657180785,
          0.7326723337173461,
          0.00000011920928955078122,
          0,
          -0.7326722148315192,
          0.6805820552845921,
          -0.00000011175870895385659,
          0,
          -0.00000016301412750541894,
          -0.000000011280343805833477,
          1.0000001192092818,
          0,
          1.4410343170166016,
          -0.00000762939453125,
          0.000003814697265625,
          1
        ],
        "children": [
          "Bip01-R-Finger42"
        ],
        "jointName": "Bip01-R-Finger41"
      },
      "Bip01-R-Finger42": {
        "name": "Bip01-R-Finger42",
        "matrix": [
          0.48522615432739274,
          0.8743885755538939,
          -0.0000000819563865661621,
          0,
          -0.8743885755538993,
          0.4852261543273832,
          -0.00000013411045074463272,
          0,
          -0.00000007749726521184751,
          0.00000013673562901381494,
          0.9999998211860945,
          0,
          0.9404792785644531,
          -0.00000476837158203125,
          0.0000019073486328125,
          1
        ],
        "children": [
          "Bip01-R-Finger4Nub"
        ],
        "jointName": "Bip01-R-Finger42"
      },
      "Bip01-R-Finger4Nub": {
        "name": "Bip01-R-Finger4Nub",
        "matrix": [
          -0.9999999403953553,
          -0.00000005960464489785515,
          -0.0000008270144462585451,
          0,
          0.000000059604583280473625,
          -0.9999999403953553,
          0.0000000745058059692377,
          0,
          -0.0000008270144506994281,
          0.00000007450575667538247,
          0.9999999403953473,
          0,
          0.9055900573730469,
          -0.000011444091796875,
          0.0000019073486328125,
          1
        ]
      },
      "Bone14": {
        "name": "Bone14",
        "matrix": [
          0.3243979513645171,
          -0.0030609071254730437,
          0.945915758609772,
          0,
          -0.22191962254458208,
          0.9718389656030175,
          0.0792512219543242,
          0,
          -0.9195203924969123,
          -0.23562620714445506,
          0.31458330080560337,
          0,
          0.7691421508789062,
          1.5118179321289062,
          -6.213230133056641,
          1
        ],
        "children": [
          "dg01"
        ],
        "jointName": "Bone14"
      },
      "dg01": {
        "name": "dg01",
        "matrix": [
          0.9999999403953552,
          -0.00000005960464477539062,
          0.000000026077032089233395,
          0,
          0.00000005960466167853707,
          0.9999999403953534,
          -0.0000006482005119323673,
          0,
          -0.0000000260769934534695,
          0.000000648200513486673,
          0.9999999403953461,
          0,
          45.62895584106445,
          0.000003814697265625,
          -0.00002002716064453125,
          1
        ]
      },
      "Bip01-RUpArmTwist": {
        "name": "Bip01-RUpArmTwist",
        "matrix": [
          0.8762071132659911,
          0.05998630821704865,
          0.4781867861747743,
          0,
          0.029679197694791694,
          0.9836237450079492,
          -0.17777379829727946,
          0,
          -0.4810199360997133,
          0.16995888968220282,
          0.8600778925377873,
          0,
          6.956833839416504,
          0.00000476837158203125,
          -0.000019073486328125,
          1
        ],
        "children": [
          "Bip01-RUpArmTwist1"
        ],
        "jointName": "Bip01-RUpArmTwist"
      },
      "Bip01-RUpArmTwist1": {
        "name": "Bip01-RUpArmTwist1",
        "matrix": [
          0.9999999999999999,
          0.000000730156898498535,
          -0.00000008940696716308595,
          0,
          -0.0000006542703605554249,
          0.9383854279103293,
          0.34559088697686013,
          0,
          0.00000033623369851591105,
          -0.34559081830962024,
          0.9383852414583141,
          0,
          5.296037673950195,
          0.0000057220458984375,
          0.000003814697265625,
          1
        ],
        "jointName": "Bip01-RUpArmTwist1"
      },
      "Bip01-L-Thigh": {
        "name": "Bip01-L-Thigh",
        "matrix": [
          -0.9462871551513674,
          -0.21091267466545102,
          0.2450646907091141,
          0,
          0.10855368150004167,
          0.5067051446221149,
          0.8552578144179038,
          0,
          -0.30456024855120517,
          0.8359221470804843,
          -0.45659321625283944,
          0,
          -3.13165283203125,
          -1.4532601833343506,
          3.756291627883911,
          1
        ],
        "children": [
          "Bip01-L-Calf"
        ],
        "jointName": "Bip01-L-Thigh"
      },
      "Bone05": {
        "name": "Bone05",
        "matrix": [
          0.9975664615631102,
          -0.06803810596466064,
          -0.0152198001742363,
          0,
          0.06803757817890575,
          0.9976825626912854,
          -0.0005536079405061213,
          0,
          0.015222196865707907,
          -0.00048325766764943114,
          0.9998838898490782,
          0,
          5.460588455200195,
          0,
          -0.00000286102294921875,
          1
        ],
        "children": [
          "Bone06"
        ],
        "jointName": "Bone05"
      },
      "Bone06": {
        "name": "Bone06",
        "matrix": [
          0.9976219534873961,
          -0.03188627958297731,
          -0.06110108643770219,
          0,
          0.03200647592322513,
          0.9994872855029836,
          0.0009890496735697263,
          0,
          0.06103823355252615,
          -0.002942328680594609,
          0.9981312160661316,
          0,
          6.382325172424316,
          0,
          -0.000003337860107421875,
          1
        ],
        "children": [
          "Bone08"
        ],
        "jointName": "Bone06"
      },
      "Bone08": {
        "name": "Bone08",
        "matrix": [
          0.9975203275680542,
          -0.06682649254798888,
          -0.022070884704589844,
          0,
          0.06682988969703318,
          0.9977643013771741,
          -0.0005851686002831553,
          0,
          0.02206064645007223,
          -0.00089127724989506,
          0.9997562173458622,
          0,
          9.47867202758789,
          0.000003814697265625,
          -0.0000030994415283203125,
          1
        ],
        "jointName": "Bone08"
      },
      "Bone15": {
        "name": "Bone15",
        "matrix": [
          -0.8757892847061158,
          0.25291395187377924,
          0.4111301600933076,
          0,
          0.3186917687503617,
          -0.33673715406990856,
          0.8860268497243874,
          0,
          0.36253130373415576,
          0.9069964978730524,
          0.21430916804586567,
          0,
          -1.4258460998535156,
          4.843077182769775,
          5.70690393447876,
          1
        ],
        "children": [
          "Bone16"
        ],
