{
    "asset": {
      "generator": "tmx:FBX2GLTF",
      "premultipliedAlpha": true,
      "profile": {
        "api": "WebGL",
        "version": "1.0.2"
      },
      "version": "1.0"
    },
    "scene": "test",
    "scenes": {
      "test": {
        "nodes": [
          "RootNode"
        ]
      }
    },
    "nodes": {
      "RootNode": {
        "name": "RootNode",
        "children": [
          "Sky001",
          "Bip01",
          "K_ChangLeBangGaoShou001"
        ]
      },
      "Sky001": {
        "name": "Sky001",
        "matrix": [
          2.54,
          0,
          0,
          0,
          0,
          2.5400000000000005,
          -0.00000000000000000000000000000012523166870383563,
          0,
          0,
          0.00000000000000000000000000000012523166870383563,
          2.5400000000000005,
          0,
          0,
          0,
          0,
          1
        ]
      },
      "Bip01": {
        "name": "Bip01",
        "matrix": [
          0.038723771125067946,
          2.539359141588211,
          0.04187675893305618,
          0,
          2.5377942952418424,
          -0.03706507020168014,
          -0.0991347159372593,
          0,
          -0.09849862016834633,
          0.04335176209759904,
          -2.5377192044122685,
          0,
          0.00000000000000002773147001424844,
          16.88011791229248,
          0.0000003586990868587317,
          1
        ],
        "children": [
          "Bip01-Pelvis"
        ]
      },
      "Bip01-Pelvis": {
        "name": "Bip01-Pelvis",
        "matrix": [
          -0.0015732105821365837,
          -0.015483017079530158,
          0.9998788237571714,
          0,
          0.9977799113268208,
          0.06654851015125066,
          0.0026004047417084388,
          0,
          -0.06658071184055135,
          0.9976631501828682,
          0.015343949435608437,
          0,
          -0.000000476837158203125,
          0,
          -0.000000014901161193847656,
          1
        ],
        "children": [
          "Bip01-Spine",
          "Bone04",
          "Bone15",
          "Bone09",
          "Bone12",
          "Bone01",
          "Bone17"
        ],
        "jointName": "Bip01-Pelvis"
      },
      "Bip01-Spine": {
        "name": "Bip01-Spine",
        "matrix": [
          0.9851506352424622,
          0.1707465946674347,
          -0.017987752333283424,
          0,
          -0.1713344217128322,
          0.9709384482862327,
          -0.16710151757968328,
          0,
          -0.011067015583757391,
          0.16770209994361263,
          0.9857754722674741,
          0,
          3.1588997840881348,
          0.0027151107788085938,
          0.049406975507736206,
          1
        ],
        "children": [
          "Bip01-Spine1",
          "Bip01-L-Thigh",
          "Bip01-R-Thigh"
        ],
        "jointName": "Bip01-Spine"
      },
      "Bip01-Spine1": {
        "name": "Bip01-Spine1",
        "matrix": [
          0.9717479348182678,
          -0.235941469669342,
          0.0061535993590950975,
          0,
          0.23539453759439888,
          0.9669369349859586,
          -0.09809450071037314,
          0,
          0.017194414265651672,
          0.09677163023650977,
          0.9951580773929355,
          0,
          7.107866287231445,
          -0.005638599395751953,
          0.0005717873573303223,
          1
        ],
        "children": [
          "Bip01-Spine2"
        ],
        "jointName": "Bip01-Spine1"
      },
      "Bip01-Spine2": {
        "name": "Bip01-Spine2",
        "matrix": [
          0.9934508204460143,
          -0.11234007775783539,
          -0.020864557474851605,
          0,
          0.11032997351950219,
          0.9906284218543845,
          -0.08051314913012671,
          0,
          0.029713877720824837,
          0.07768386966741885,
          0.9965351178178524,
          0,
          7.3193511962890625,
          -0.005299568176269531,
          0.00043201446533203125,
          1
        ],
        "children": [
          "Bip01-Neck"
        ],
        "jointName": "Bip01-Spine2"
      },
      "Bip01-Neck": {
        "name": "Bip01-Neck",
        "matrix": [
          0.9805966019630433,
          0.19603599607944489,
          0.0000005927868187427522,
          0,
          -0.19603599665204632,
          0.9805966048275379,
          -0.00000008940696716308631,
          0,
          -0.0000005988118035158562,
          -0.000000028535390330201384,
          0.9999999403953594,
          0,
          7.1349382400512695,
          -1.8606138229370117,
          -0.0000016689300537109375,
          1
        ],
        "children": [
          "Bip01-Head",
          "Bip01-L-Clavicle",
          "Bip01-R-Clavicle"
        ],
        "jointName": "Bip01-Neck"
      },
      "Bip01-Head": {
        "name": "Bip01-Head",
        "matrix": [
          0.9536784887313843,
          -0.26254072785377497,
          -0.1468653678894042,
          0,
          0.07743562873988626,
          0.6859959008212534,
          -0.7234732819769444,
          0,
          0.2906902992447649,
          0.6785884268412928,
          0.6745496722628468,
          0,
          2.446453094482422,
          -0.0000021457672119140625,
          0,
          1
        ],
        "children": [
          "Bip01-HeadNub",
          "Bone11"
        ],
        "jointName": "Bip01-Head"
      },
      "Bip01-HeadNub": {
        "name": "Bip01-HeadNub",
        "matrix": [
          1.0000002384185789,
          -0.000000014901161193847655,
          0,
          0,
          0.000000014901159417491239,
          1.0000001192092893,
          -0.0000005662441253661771,
          0,
          0.000000000000008437691969596143,
          0.0000005662440578645913,
          0.99999999999994,
          0,
          9.019598007202148,
          -0.0000030994415283203125,
          0,
          1
        ]
      },
      "Bone11": {
        "name": "Bone11",
        "matrix": [
          0.23057779669761636,
          0.9730539917945862,
          0.00039714574813842784,
          0,
          0.9730539015352632,
          -0.23057757021858452,
          -0.0005024969577887071,
          0,
          -0.0003973838434063063,
          0.0005023089551150921,
          -1.0000002384379636,
          0,
          3.9594554901123047,
          1.777416467666626,
          0,
          1
        ],
        "jointName": "Bone11"
      },
      "Bip01-L-Clavicle": {
        "name": "Bip01-L-Clavicle",
        "matrix": [
          -0.3942137360572811,
          -0.32970336079597473,
          0.8578410744667052,
          0,
          -0.17830885102875516,
          -0.8882540333874762,
          -0.4233326535574422,
          0,
          0.9015550404031586,
          -0.3198442201199126,
          0.2913729289417476,
          0,
          -2.4846439361572266,
          0.6396515369415283,
          1.1274280548095703,
          1
        ],
        "children": [
          "Bip01-L-UpperArm",
          "Bip01-LUpArmTwist"
        ],
        "jointName": "Bip01-L-Clavicle"
      },
      "Bip01-L-UpperArm": {
        "name": "Bip01-L-UpperArm",
        "matrix": [
          0.7862896919250488,
          0.21121832728385934,
          -0.5806335806846619,
          0,
          0.036716464236449274,
          0.9221181798365683,
          0.3851620786253285,
          0,
          0.6167660644091914,
          -0.32416778101388766,
          0.7172968222367511,
          0,
          6.956834316253662,
          -0.00001621246337890625,
          0.0000057220458984375,
          1
        ],
        "children": [
          "Bip01-L-Forearm"
        ]
      },
      "Bip01-L-Forearm": {
        "name": "Bip01-L-Forearm",
        "matrix": [
          0.9855452179908752,
          -0.1694119125604629,
          0.000000004314642865210771,
          0,
          0.16941193289168924,
          0.9855453362667549,
          0.000000022351741790771554,
          0,
          -0.000000008038927861650499,
          -0.00000002129770126110531,
          0.9999999403953582,
          0,
          10.592079162597656,
          -0.00003170967102050781,
          0.000003814697265625,
          1
        ],
        "children": [
          "Bip01-L-Hand"
        ],
        "jointName": "Bip01-L-Forearm"
      },
      "Bip01-L-Hand": {
        "name": "Bip01-L-Hand",
        "matrix": [
          0.9856538772583006,
          0.16869892179965973,
          -0.005219008773565298,
          0,
          -0.16192949362797418,
          0.936477557075848,
          -0.3111087064722344,
          0,
          -0.04759621516286538,
          0.30749059100687215,
          0.950359994300714,
          0,
          9.287914276123047,
          -0.000027894973754882812,
          0,
          1
        ],
        "children": [
          "Bip01-L-Finger0",
          "Bip01-L-Finger1",
          "Bip01-L-Finger2",
          "Bip01-L-Finger3",
          "Bip01-L-Finger4"
        ],
        "jointName": "Bip01-L-Hand"
      },
      "Bip01-L-Finger0": {
        "name": "Bip01-L-Finger0",
        "matrix": [
          0.7261431217193604,
          0.579169988632202,
          -0.37051075696945196,
          0,
          0.47117899006501407,
          -0.026743574746599247,
          0.8816324511715716,
          0,
          0.5007061928204625,
          -0.8147680915061403,
          -0.29231234542956913,
          0,
          1.6857409477233887,
          1.1524677276611328,
          -2.303147315979004,
          1
        ],
        "children": [
          "Bip01-L-Finger01"
        ],
        "jointName": "Bip01-L-Finger0"
      },
      "Bone05": {
        "name": "Bone05",
        "matrix": [
          0.9992787241935729,
          -0.03479033708572388,
          -0.015229798853397368,
          0,
          0.03479365826507876,
          0.9993945386742306,
          -0.00004664808509660276,
          0,
          0.015222198056555515,
          -0.0004832858938064466,
          0.9998840089167698,
          0,
          5.460590839385986,
          0.00000095367431640625,
          -0.000002562999725341797,
          1
        ],
        "children": [
          "Bone06"
        ],
        "jointName": "Bone05"
      },
      "Bone06": {
        "name": "Bone06",
        "matrix": [
          0.9948963522911072,
          -0.0803171545267105,
          -0.06107710301876069,
          0,
          0.08034676683138271,
          0.9967647775917011,
          -0.001974642275535626,
          0,
          0.06103810947538531,
          -0.002942783686789936,
          0.9981309765329093,
          0,
          6.382327079772949,
          0.0000019073486328125,
          -0.0000032186508178710938,
          1
        ],
        "children": [
          "Bone08"
        ],
        "jointName": "Bone06"
      },
      "Bone08": {
        "name": "Bone08",
        "matrix": [
          0.977102279663086,
          -0.21165594458580017,
          -0.021749455481767658,
          0,
          0.21162372148132377,
          0.9773438587594532,
          -0.003798574210040613,
          0,
          0.022060682416164885,
          -0.0008911049814086801,
          0.9997560980113334,
          0,
          9.478677749633789,
          0.00000476837158203125,
          -0.000005364418029785156,
          1
        ],
        "jointName": "Bone08"
      },
      "Bone15": {
        "name": "Bone15",
        "matrix": [
          -0.9653216600418095,
          0.18573507666587885,
          0.18345740437507632,
          0,
          0.17334141067579933,
          -0.06945423388262993,
          0.9824095482896573,
          0,
          0.19520981997248307,
          0.9801420502203506,
          0.03485009859890996,
          0,
          -1.4258421659469604,
          4.84307861328125,
          5.70690393447876,
          1
        ],
        "children": [
          "Bone16"
        ],
        "jointName": "Bone15"
      },
      "Bone16": {
        "name": "Bone16",
        "matrix": [
          0.9999488592147826,
          0.008138112723827362,
          -0.005987033247947693,
          0,
          -0.008175422227164577,
          0.9999472491981711,
          -0.006233587864136412,
          0,
          0.005935986988328129,
          0.006282214753594553,
          0.9999625091717638,
          0,
          7.16756534576416,
          0.0001354217529296875,
          -0.0001277923583984375,
          1
        ],
        "jointName": "Bone16"
      },
      "Bone09": {
        "name": "Bone09",
        "matrix": [
          -0.9545956850051882,
          0.14215029776096313,
          -0.26180186867713934,
          0,
          -0.27085536386498327,
          -0.04824795118311866,
          0.9614098717125197,
          0,
          0.12403331660258193,
          0.988668321637657,
          0.08455947084632344,
          0,
          0.2582666575908661,
          5.4380388259887695,
          -7.815104007720947,
          1
        ],
        "children": [
          "Bone10"
        ],
        "jointName": "Bone09"
      },
      "Bone10": {
        "name": "Bone10",
        "matrix": [
          0.9961785674095155,
          -0.05302083119750022,
          0.06940729916095735,
          0,
          0.053227311009441954,
          0.9985818871845744,
          -0.0011276155692296226,
          0,
          -0.06924908513573434,
          0.004817670393804196,
          0.9975880368587944,
          0,
          7.204349994659424,
          0.00000095367431640625,
          0.0000019073486328125,
          1
        ],
        "jointName": "Bone10"
      },
      "Bone12": {
        "name": "Bone12",
        "matrix": [
          -0.9428197145462036,
          0.008232739754020989,
          -0.3332013487815858,
          0,
          -0.32867529971143317,
          0.1430452948516829,
          0.9335472622644528,
          0,
          0.05534854476184571,
          0.9896819581529638,
          -0.13216004476936727,
          0,
          -1.5165342092514038,
          -4.803738594055176,
          -6.1502861976623535,
          1
        ],
        "children": [
          "Bone13"
        ],
        "jointName": "Bone12"
      },
      "Bone13": {
        "name": "Bone13",
        "matrix": [
          0.9991473555564879,
          0.038047883659601205,
          0.016024041920900345,
          0,
          -0.03780672701146983,
          0.9991711965679009,
          -0.015093453229702252,
          0,
          -0.016585036778904546,
          0.01447476877400644,
          0.9997578264096566,
          0,
          6.511819362640381,
          0.000006198883056640625,
          -0.0000035762786865234375,
          1
        ],
        "jointName": "Bone13"
      },
      "Bone01": {
        "name": "Bone01",
        "matrix": [
          -0.9401169419288632,
          -0.3382995128631592,
          0.041640646755695336,
          0,
          -0.34050675827446164,
          0.937629327227373,
          -0.07004280372918784,
          0,
          -0.015348050569226751,
          -0.08002737596815969,
          -0.9966748334853832,
          0,
          2.9364230632781982,
          -4.94366455078125,
          0.000025212764739990234,
          1
        ],
        "children": [
          "Bone02"
        ],
        "jointName": "Bone01"
      },
      "Bip01-LUpArmTwist1": {
        "name": "Bip01-LUpArmTwist1",
        "matrix": [
          0.9999999999999998,
          -0.000002905726432800293,
          0.000000348314642906189,
          0,
          0.0000029070573477619803,
          0.9999925494194426,
          -0.0038831681013072276,
          0,
          -0.0000003370286436503643,
          0.003883168333739921,
          0.999992609023146,
          0,
          5.296041011810303,
          -0.000015974044799804688,
          0.000003814697265625,
          1
        ],
        "jointName": "Bip01-LUpArmTwist1"
      },
      "Bip01-R-Clavicle": {
        "name": "Bip01-R-Clavicle",
        "matrix": [
          -0.09522116184234586,
          -0.1411061882972711,
          -0.985404431819916,
          0,
          -0.19436345844602435,
          -0.9682147127509904,
          0.1574263286151999,
          0,
          -0.9762969839075142,
          0.2065169494098765,
          0.06476864879019245,
          0,
          -2.484640121459961,
          0.6396572589874268,
          -1.127429485321045,
          1
        ],
        "children": [
          "Bip01-R-UpperArm",
          "Bip01-RUpArmTwist"
        ],
        "jointName": "Bip01-R-Clavicle"
      },
      "Bip01-R-UpperArm": {
        "name": "Bip01-R-UpperArm",
        "matrix": [
          0.735507905483246,
          -0.057331874966621454,
          0.6750860214233396,
          0,
          0.6774932553754576,
          0.05404519223477905,
          -0.7335407893536287,
          0,
          0.005570114931295175,
          0.9968912608416679,
          0.07859262356463889,
          0,
          6.9568328857421875,
          0.0000247955322265625,
          -0.0000057220458984375,
          1
        ],
        "children": [
          "Bip01-R-Forearm"
        ]
      },
      "Bip01-R-Forearm": {
        "name": "Bip01-R-Forearm",
        "matrix": [
          0.88118577003479,
          -0.47277015447616577,
          0.000000007450580596923827,
          0,
          0.4727701048137743,
          0.8811856774701637,
          0,
          0,
          -0.000000006565344556031266,
          0.0000000035224115793672098,
          0.9999998211860659,
          0,
          10.59207820892334,
          0.0000095367431640625,
          0.00005340576171875,
          1
        ],
        "children": [
          "Bip01-R-Hand"
        ],
        "jointName": "Bip01-R-Forearm"
      },
      "Bip01-R-Hand": {
        "name": "Bip01-R-Hand",
        "matrix": [
          0.31376540660858154,
          0.8646236658096315,
          -0.39240026473999023,
          0,
          -0.15226342355179873,
          0.4537398530067296,
          0.8780300397007973,
          0,
          0.937212683427921,
          -0.2157471280822057,
          0.2740182807863093,
          0,
          9.2879056930542,
          0.00000858306884765625,
          0.0000400543212890625,
          1
        ],
        "children": [
          "Bip01-R-Finger0",
          "Bip01-R-Finger1",
          "Bip01-R-Finger2",
          "Bip01-R-Finger3",
          "Bip01-R-Finger4",
          "Bone14"
        ],
        "jointName": "Bip01-R-Hand"
      },
      "Bip01-R-Finger0": {
        "name": "Bip01-R-Finger0",
        "matrix": [
          0.6502049565315248,
          0.5769324302673339,
          0.49435025453567505,
          0,
          0.5714253305575445,
          0.05746138683606676,
          -0.8186400554201372,
          0,
          -0.5007060746359023,
          0.8147681227706897,
          -0.29231214175558196,
          0,
          1.6857357025146484,
          1.1524858474731445,
          2.303140163421631,
          1
        ],
        "children": [
          "Bip01-R-Finger01"
        ],
        "jointName": "Bip01-R-Finger0"
      },
      "Bip01-R-Finger01": {
        "name": "Bip01-R-Finger01",
        "matrix": [
          0.4700450301170349,
          0.8826424479484559,
          0.00000022351741790771482,
          0,
          -0.8826425007037816,
          0.47004505821153525,
          -0.00000008940696716308391,
          0,
          -0.00000018397764909670594,
          -0.00000015526067804813156,
          1.0000001192092667,
          0,
          1.2276716232299805,
          -0.0000019073486328125,
          0.0000095367431640625,
          1
        ],
        "children": [
          "Bip01-R-Finger02"
        ],
        "jointName": "Bip01-R-Finger01"
      },
      "Bip01-R-Finger02": {
        "name": "Bip01-R-Finger02",
        "matrix": [
          1.0000001192092893,
          -0.000000014901161193847655,
          0,
          0,
          0.00000001490115941749104,
          1.0000000000000007,
          0.00000002980232238769534,
          0,
          -0.000000000000000444089209850063,
          -0.00000002980232594040902,
          1.0000001192092904,
          0,
          0.9520969390869141,
          -0.000001430511474609375,
          -0.00000286102294921875,
          1
        ],
        "children": [
          "Bip01-R-Finger0Nub"
        ],
        "jointName": "Bip01-R-Finger02"
      },
      "Bip01-R-Finger0Nub": {
        "name": "Bip01-R-Finger0Nub",
        "matrix": [
          -0.9999999999999998,
          0.0006906986236571291,
          -0.0000009536743164062498,
          0,
          -0.000690698463579008,
          -0.9999997614889102,
          0.000004887580871585349,
          0,
          -0.0000009502981301515171,
          0.000004888238989591356,
          1.0000001192099686,
          0,
          0.8882255554199219,
          -0.000000476837158203125,
          0.00000095367431640625,
          1
        ]
      },
      "Bip01-R-Finger1": {
        "name": "Bip01-R-Finger1",
        "matrix": [
          0.634392261505127,
          0.770013928413391,
          0.06800701469182968,
          0,
          -0.7388335642216382,
          0.6298629443641476,
          -0.23957741040736116,
          0,
          -0.22731308513869414,
          0.1017402096874826,
          0.968492499049453,
          0,
          3.7706432342529297,
          -0.1733558177947998,
          1.3427581787109375,
          1
        ],
        "children": [
          "Bip01-R-Finger11"
        ],
        "jointName": "Bip01-R-Finger1"
      },
      "Bone02": {
        "name": "Bone02",
        "matrix": [
          0.9473022818565369,
          0.3188120722770691,
          -0.031259436160326004,
          0,
          -0.3172960943735216,
          0.947242535817513,
          0.04533164198788605,
          0,
          0.04406255199836118,
          -0.03302427815926633,
          0.9984830608260815,
          0,
          2.8457095623016357,
          0.000028252601623535156,
          -0.000015407800674438477,
          1
        ],
        "children": [
          "Bone03"
        ],
        "jointName": "Bone02"
      },
      "Bone03": {
        "name": "Bone03",
        "matrix": [
          0.9950756430625917,
          0.09079838544130327,
          -0.03975479677319527,
          0,
          -0.0907683225063291,
          0.9958691000794563,
          0.0025647096369735725,
          0,
          0.039823431756265626,
          0.001056395767297422,
          0.9992063654735207,
          0,
          9.340997695922852,
          0.0000020265579223632812,
          -0.00004839897155761719,
          1
        ],
        "children": [
          "Bone07"
        ],
        "jointName": "Bone03"
      },
      "Bone07": {
        "name": "Bone07",
        "matrix": [
          0.9982052445411681,
          -0.024342127144336704,
          -0.05471502244472505,
          0,
          0.02430572222358292,
          0.9997038843395452,
          -0.0013308897645568213,
          0,
          0.05473120353147397,
          -0.0000013869937665006886,
          0.9985010647256543,
          0,
          9.641331672668457,
          0.0000023245811462402344,
          -0.00004839897155761719,
          1
        ],
        "jointName": "Bone07"
      },
      "Bone17": {
        "name": "Bone17",
        "matrix": [
          -0.9393138885498052,
          0.1453305184841157,
          0.31075385212898243,
          0,
          0.33360933937324216,
          0.17582943685692204,
          0.9261687365360978,
          0,
          0.07996092116370225,
          0.9736337066322426,
          -0.21364268585355328,
          0,
          -1.0284934043884277,
          -3.448589563369751,
          5.991360187530518,
          1
        ],
        "children": [
          "Bone18"
        ],
        "jointName": "Bone17"
      },
      "Bone18": {
        "name": "Bone18",
        "matrix": [
          0.9995588660240171,
          0.029069148004055016,
          -0.006102830171585083,
          0,
          -0.029134260085807398,
          0.9995166672503132,
          -0.010865457359112875,
          0,
          0.005784031108248099,
          0.011038466102726362,
          0.9999226930643961,
          0,
          6.447794437408447,
          -0.000003814697265625,
          0.000010132789611816406,
          1
        ],
        "jointName": "Bone18"
      },
      "K_ChangLeBangGaoShou001": {
        "name": "K_ChangLeBangGaoShou001",
        "matrix": [
          2.54,
          0,
          0,
          0,
          0,
          0.0000000000000005639932965095795,
          -2.5400000000000005,
          0,
          0,
          2.5400000000000005,
          0.0000000000000005639932965095795,
          0,
          0,
          0,
          0,
          1
        ],
        "skin": "skin_K_ChangLeBangGaoShou001",
        "meshes": [
          "mesh_M_ChangLeBangGaoShou001_a_MI_168",
          "mesh_M_ChangLeBangGaoShou001_b_MI_169",
          "mesh_M_ChangLeBangGaoShou001_c_MI_170",
          "mesh_M_ChangLeBangGaoShou001_wq_MI_171"
        ]
      },
      "Bip01-R-Finger11": {
        "name": "Bip01-R-Finger11",
        "matrix": [
          0.39360737800598167,
          0.9192786812782285,
          0.00000009685754776000975,
          0,
          -0.9192789654802379,
          0.39360749969270115,
          0.00000000745058059692381,
          0,
          -0.000000031274689418640936,
          -0.00000009197168663668502,
          1.0000001192092869,
          0,
          1.7271099090576172,
          0.00000286102294921875,
          -0.00000286102294921875,
          1
        ],
        "children": [
          "Bip01-R-Finger12"
        ],
        "jointName": "Bip01-R-Finger11"
      },
      "Bip01-R-Finger12": {
        "name": "Bip01-R-Finger12",
        "matrix": [
          0.6126250028610231,
          0.7903734445571899,
          -0.00000007636845111846924,
          0,
          -0.790373585121276,
          0.612625111813419,
          0.00000008940696716308701,
          0,
          0.00000011745016642263253,
          0.000000005586665027795696,
          1.0000001192093015,
          0,
          1.026820182800293,
          0.00000762939453125,
          -0.00000476837158203125,
          1
        ],
        "children": [
          "Bip01-R-Finger1Nub"
        ],
        "jointName": "Bip01-R-Finger12"
      },
      "Bip01-R-Finger1Nub": {
        "name": "Bip01-R-Finger1Nub",
        "matrix": [
          -0.9999996423721312,
          -0.000690400600433275,
          0.000002285465598106384,
          0,
          0.0006904007195741337,
          -0.999999821155121,
          -0.0000018775463104252155,
          0,
          0.0000022867618578595405,
          -0.0000018759680877217124,
          1.0000001192095083,
          0,
          1.0072517395019531,
          0.000002384185791015625,
          -0.00000095367431640625,
          1
        ]
      },
      "Bip01-R-Finger2": {
        "name": "Bip01-R-Finger2",
        "matrix": [
          0.37522953748703014,
          0.926751673221588,
          0.01826520636677742,
          0,
          -0.9251413981254212,
          0.37320800629135076,
          0.06948920329816433,
          0,
          0.05758253129509631,
          -0.04297231294557142,
          0.9974153028161405,
          0,
          3.910463333129883,
          -0.019848346710205078,
          0.2563319206237793,
          1
        ],
        "children": [
          "Bip01-R-Finger21"
        ],
        "jointName": "Bip01-R-Finger2"
      },
      "Bip01-R-Finger21": {
        "name": "Bip01-R-Finger21",
        "matrix": [
          -0.13340185582637795,
          0.9910619258880615,
          -0.00000006891787052154541,
          0,
          -0.9910618653740685,
          -0.13340184768089802,
          -0.000000057741999626159675,
          0,
          -0.00000006641968621961658,
          0.00000006059899946476828,
          1.0000000000000002,
          0,
          2.2772622108459473,
          0.0000133514404296875,
          -0.0000059604644775390625,
          1
        ],
        "children": [
          "Bip01-R-Finger22"
        ],
        "jointName": "Bip01-R-Finger21"
      },
      "Bip01-R-Finger22": {
        "name": "Bip01-R-Finger22",
        "matrix": [
          0.15027821063995359,
          0.9886439442634584,
          -0.000000019092112779617313,
          0,
          -0.9886441146113659,
          0.15027823653358052,
          -0.0000000658910721540451,
          0,
          -0.00000006227364546381926,
          0.00000002877728119919108,
          0.9999999999999998,
          0,
          1.1479644775390625,
          0.000004291534423828125,
          -0.000002384185791015625,
          1
        ],
        "children": [
          "Bip01-R-Finger2Nub"
        ],
        "jointName": "Bip01-R-Finger22"
      },
      "Bip01-R-Finger2Nub": {
        "name": "Bip01-R-Finger2Nub",
        "matrix": [
          -0.9999997615814206,
          -0.0006903409957885228,
          -0.000002628657966852188,
          0,
          0.0006903410029376685,
          -0.9999997615814157,
          -0.0000027196947485208393,
          0,
          -0.0000026267801371866914,
          -0.0000027215090956264535,
          1.000000119209285,
          0,
          1.3300094604492188,
          0.00000762939453125,
          0.000003337860107421875,
          1
        ]
      },
      "Bip01-R-Finger3": {
        "name": "Bip01-R-Finger3",
        "matrix": [
          0.43417409062385576,
          0.8996949195861815,
          0.04518862813711164,
          0,
          -0.8871248785892345,
          0.4183141593755243,
          0.19499404636537981,
          0,
          0.15653209893259318,
          -0.12474931028928951,
          0.9797628475756115,
          0,
          3.8492660522460938,
          0.1597135066986084,
          -0.8913106918334961,
          1
        ],
        "children": [
          "Bip01-R-Finger31"
        ],
        "jointName": "Bip01-R-Finger3"
      },
      "Bip01-R-Finger31": {
        "name": "Bip01-R-Finger31",
        "matrix": [
          0.41036978363990784,
          0.9119192361831666,
          -0.00000010430812835693358,
          0,
          -0.9119191705073637,
          0.41036975408536813,
          0.00000011175870895385705,
          0,
          0.00000014471980304077809,
          0.000000049258179757443706,
          0.999999880790707,
          0,
          1.8866229057312012,
          0.00000762939453125,
          -0.0000050067901611328125,
          1
        ],
        "children": [
          "Bip01-R-Finger32"
        ],
        "jointName": "Bip01-R-Finger31"
      },
      "Bip01-R-Finger32": {
        "name": "Bip01-R-Finger32",
        "matrix": [
          0.6963169574737547,
          0.7177345752716063,
          -0.00000003119930624961852,
          0,
          -0.7177344533682444,
          0.6963168392080625,
          0.00000005215406417846672,
          0,
          0.00000005915736352636074,
          -0.000000013922939003342624,
          0.9999998211860642,
          0,
          1.1788063049316406,
          0.0000095367431640625,
          -0.000004291534423828125,
          1
        ],
        "children": [
          "Bip01-R-Finger3Nub"
        ],
        "jointName": "Bip01-R-Finger32"
      },
      "Bip01-L-Calf": {
        "name": "Bip01-L-Calf",
        "matrix": [
          0.89040207862854,
          -0.4551748037338257,
          0.0000000521540641784668,
          0,
          0.4551748160829616,
          0.8904021027856247,
          0,
          0,
          -0.000000046438094380552864,
          0.000000023739219620868823,
          1.0000001192092896,
          0,
          18.578842163085938,
          0.0000057220458984375,
          0.000025987625122070312,
          1
        ],
        "children": [
          "Bip01-L-Foot"
        ],
        "jointName": "Bip01-L-Calf"
      },
      "Bip01-L-Foot": {
        "name": "Bip01-L-Foot",
        "matrix": [
          0.956726610660553,
          -0.20414461195468905,
          0.20736265182495117,
          0,
          0.24122116169793953,
          0.9549621416990927,
          -0.17280030076264313,
          0,
          -0.16274720839084275,
          0.2153428749271011,
          0.9628815553824476,
          0,
          14.034372329711914,
          -0.00000095367431640625,
          0.000015020370483398438,
          1
        ],
        "children": [
          "Bip01-L-Toe0"
        ],
        "jointName": "Bip01-L-Foot"
      },
      "Bip01-L-Toe0": {
        "name": "Bip01-L-Toe0",
        "matrix": [
          -0.0000001192092897728286,
          1.0000000000000002,
          0.00000017881393432617193,
          0,
          -0.9999999999999936,
          -0.00000011920927911468508,
          -0.00000005960464477538982,
          0,
          -0.00000005960462345910838,
          -0.00000017881394143159428,
          0.9999999999999862,
          0,
          4.820713043212891,
          6.667259216308594,
          0.0000133514404296875,
          1
        ],
        "children": [
          "Bip01-L-Toe0Nub"
        ],
        "jointName": "Bip01-L-Toe0"
      },
      "Bip01-L-Toe0Nub": {
        "name": "Bip01-L-Toe0Nub",
        "matrix": [
          -0.9999998211860657,
          0.0006906986236567218,
          -0.0000008046627044677735,
          0,
          -0.0006906986656537554,
          -0.9999998806877702,
          0.0000011175870895385475,
          0,
          -0.0000008038905487501435,
          0.0000011181424690759458,
          0.9999999999999764,
          0,
          2.817281723022461,
          0.00000762939453125,
          0.000001430511474609375,
          1
        ]
      },
      "Bip01-R-Thigh": {
        "name": "Bip01-R-Thigh",
        "matrix": [
          -0.8861188292503351,
          0.3997364640235901,
          -0.23452986776828766,
          0,
          0.4377684942969037,
          0.8880599559239514,
          -0.14038706174344603,
          0,
          0.15215871827130872,
          -0.22706934900847206,
          -0.9619184375206196,
          0,
          -3.038576602935791,
          1.2248644828796387,
          -4.014034748077393,
          1
        ],
        "children": [
          "Bip01-R-Calf"
        ],
        "jointName": "Bip01-R-Thigh"
      },
      "Bip01-R-Calf": {
        "name": "Bip01-R-Calf",
        "matrix": [
          0.8058707714080809,
          -0.5920912623405457,
          0.00000005215406417846682,
          0,
          0.5920912698851222,
          0.8058707816766969,
          0.00000007450580596923808,
          0,
          -0.00000008614369248062267,
          -0.00000002916209177716628,
          0.9999999999999974,
          0,
          18.5788516998291,
          0.0000019073486328125,
          -0.00004661083221435547,
          1
        ],
        "children": [
          "Bip01-R-Foot"
        ],
        "jointName": "Bip01-R-Calf"
      },
      "Bip01-R-Foot": {
        "name": "Bip01-R-Foot",
        "matrix": [
          0.9901638627052306,
          -0.042810857295989976,
          -0.1332015544176101,
          0,
          0.02092407551672614,
          0.986640214455253,
          -0.16156455591261562,
          0,
          0.1383387475503365,
          0.15718828831238715,
          0.9778314061437309,
          0,
          14.034370422363281,
          -0.000003814697265625,
          -0.00003802776336669922,
          1
        ],
        "children": [
          "Bip01-R-Toe0"
        ],
        "jointName": "Bip01-R-Foot"
      },
      "Bip01-R-Toe0": {
        "name": "Bip01-R-Toe0",
        "matrix": [
          0.00000008940696738530523,
          1.0000001192092893,
          -0.0000019818544387817383,
          0,
          -0.9999999999999977,
          0.00000008940694196102344,
          -0.000000007450580596922994,
          0,
          -0.00000000745040340539877,
          0.0000019818542031922507,
          0.9999999999999124,
          0,
          4.820705413818359,
          6.667257308959961,
          -0.0000171661376953125,
          1
        ],
        "children": [
          "Bip01-R-Toe0Nub"
        ],
        "jointName": "Bip01-R-Toe0"
      },
      "Bip01-R-Toe0Nub": {
        "name": "Bip01-R-Toe0Nub",
        "matrix": [
          0.9999999999999999,
          0.0000004172325134277344,
          -0.0000009387731552124022,
          0,
          -0.00000041723012833561057,
          1,
          0.0000025406479835510245,
          0,
          0.0000009387742152531827,
          -0.0000025406475918661384,
          0.9999999999999999,
          0,
          2.8172836303710938,
          -0.000003814697265625,
          -0.00000476837158203125,
          1
        ]
      },
      "Bone04": {
        "name": "Bone04",
        "matrix": [
          -0.9313730001449584,
          0.31923303008079523,
          -0.17502683401107785,
          0,
          0.31470262211575917,
          0.9476632007233323,
          0.05381957459699139,
          0,
          0.18304746958700813,
          -0.004955304781994552,
          -0.9830913576819553,
          0,
          2.706444263458252,
          5.073132514953613,
          -0.000012278556823730469,
          1
        ],
        "children": [
          "Bone05"
        ],
        "jointName": "Bone04"
      },
      "Bip01-L-Finger01": {
        "name": "Bip01-L-Finger01",
        "matrix": [
          0.8999655842781067,
          0.4359608292579651,
          -0.00000005960464477539063,
          0,
          -0.435960852643827,
          0.8999656325541855,
          0.00000014156103134155146,
          0,
          0.00000011535720208510463,
          -0.00000010141476947612938,
          0.9999999999999909,
          0,
          1.2276737689971924,
          0.0000019073486328125,
          0.000001430511474609375,
          1
        ],
        "children": [
          "Bip01-L-Finger02"
        ],
        "jointName": "Bip01-L-Finger01"
      },
      "Bip01-L-Finger02": {
        "name": "Bip01-L-Finger02",
        "matrix": [
          0.960745632648468,
          0.277431458234787,
          0,
          0,
          -0.2774314490594662,
          0.9607456008743158,
          -0.000000014901161193847765,
          0,
          -0.000000004134050411507445,
          0.000000014316223918064539,
          1.0000002384185867,
          0,
          0.9520983695983887,
          0.0000057220458984375,
          0.000003814697265625,
          1
        ],
        "children": [
          "Bip01-L-Finger0Nub"
        ],
        "jointName": "Bip01-L-Finger02"
      },
      "Bip01-L-Finger0Nub": {
        "name": "Bip01-L-Finger0Nub",
        "matrix": [
          0.9999999999999999,
          0.000000432133674621582,
          0.0000029206275939941406,
          0,
          -0.00000043213388423168114,
          0.9999998807906921,
          0.00000008940696716307793,
          0,
          -0.000002920627555357568,
          -0.00000008940823992349418,
          0.9999999999999103,
          0,
          0.8882217407226562,
          0.00000286102294921875,
          0.000002384185791015625,
          1
        ]
      },
      "Bip01-L-Finger1": {
        "name": "Bip01-L-Finger1",
        "matrix": [
          0.9813442826271057,
          0.13593575358390808,
          -0.13595826923847193,
          0,
          -0.12278620398775533,
          0.9872942069422488,
          0.10086214569854118,
          0,
          0.14794163687863532,
          -0.082286719985925,
