{
    "asset": {
      "generator": "tmx:FBX2GLTF",
      "premultipliedAlpha": true,
      "profile": {
        "api": "WebGL",
        "version": "1.0.2"
      },
      "version": "1.0"
    },
    "scene": "test",
    "scenes": {
      "test": {
        "nodes": [
          "RootNode"
        ]
      }
    },
    "nodes": {
      "RootNode": {
        "name": "RootNode",
        "children": [
          "Sky001",
          "Bip01",
          "K_ChangLeBangGaoShou001"
        ]
      },
      "Bip01-Spine1": {
        "name": "Bip01-Spine1",
        "matrix": [
          0.9717478156089782,
          -0.23594132065773005,
          0.0061536342836916455,
          0,
          0.23539439636428672,
          0.9669368284102599,
          -0.09809458249343465,
          0,
          0.01719439076279866,
          0.09677173312730734,
          0.9951580756345728,
          0,
          7.107867240905762,
          -0.005639553070068359,
          0.0005739927291870117,
          1
        ],
        "children": [
          "Bip01-Spine2"
        ],
        "jointName": "Bip01-Spine1"
      },
      "Bip01-Spine": {
        "name": "Bip01-Spine",
        "matrix": [
          0.9851508736610413,
          0.17074666917324063,
          -0.017987743020057678,
          0,
          -0.17133447463073487,
          0.9709385691712877,
          -0.16710160410579833,
          0,
          -0.011067045973705074,
          0.16770216827987577,
          0.9857755148772276,
          0,
          3.158900737762451,
          0.002716064453125,
          0.04940766096115112,
          1
        ],
        "children": [
          "Bip01-Spine1",
          "Bip01-L-Thigh",
          "Bip01-R-Thigh"
        ],
        "jointName": "Bip01-Spine"
      },
      "Bip01-Pelvis": {
        "name": "Bip01-Pelvis",
        "matrix": [
          -0.0015731025487180147,
          -0.015483121387657143,
          0.9998788833618165,
          0,
          0.9977801486729894,
          0.06654606959406549,
          0.002600266303847219,
          0,
          -0.06657825761143037,
          0.9976632057909292,
          0.015344064514032316,
          0,
          -0.000000476837158203125,
          0.000000007450580596923828,
          -0.000000007450580596923828,
          1
        ],
        "children": [
          "Bip01-Spine",
          "Bone04",
          "Bone15",
          "Bone09",
          "Bone12",
          "Bone01",
          "Bone17"
        ],
        "jointName": "Bip01-Pelvis"
      },
      "Sky001": {
        "name": "Sky001",
        "matrix": [
          2.54,
          0,
          0,
          0,
          0,
          2.5400000000000005,
          -0.00000000000000000000000000000012523166870383563,
          0,
          0,
          0.00000000000000000000000000000012523166870383563,
          2.5400000000000005,
          0,
          0,
          0,
          0,
          1
        ]
      },
      "Bip01": {
        "name": "Bip01",
        "matrix": [
          0.038724315203714436,
          2.539359898567201,
          0.04187749698756888,
          0,
          2.5377952002702213,
          -0.037065973426388225,
          -0.09911133749570321,
          0,
          -0.09847523924556549,
          0.04335217385003412,
          -2.53772057144989,
          0,
          0,
          16.88011791229248,
          0.000000358699086859815,
          1
        ],
        "children": [
          "Bip01-Pelvis"
        ]
      },
      "Bone02": {
        "name": "Bone02",
        "matrix": [
          0.9473022222518921,
          0.31881201267242426,
          -0.031259536743164056,
          0,
          -0.31729605104140096,
          0.9472425303684446,
          0.045331552545311724,
          0,
          0.04406261738568652,
          -0.033024161291325044,
          0.9984830004371438,
          0,
          2.8457093238830566,
          0.00002944469451904297,
          0.00003039836883544922,
          1
        ],
        "children": [
          "Bone03"
        ],
        "jointName": "Bone02"
      },
      "Bone03": {
        "name": "Bone03",
        "matrix": [
          0.9950754642486572,
          0.09079845249652865,
          -0.03975484520196916,
          0,
          -0.09076839414739314,
          0.9958689201684695,
          0.002564590425286791,
          0,
          0.039823466371395756,
          0.0010565222055513954,
          0.9992061261210018,
          0,
          9.340995788574219,
          0.000012755393981933594,
          0.00010374188423156738,
          1
        ],
        "children": [
          "Bone07"
        ],
        "jointName": "Bone03"
      },
      "Bone07": {
        "name": "Bone07",
        "matrix": [
          0.9982063174247741,
          -0.024341143667697906,
          -0.0546991191804409,
          0,
          0.024304544485871733,
          0.9997037646906775,
          -0.0013342648773715833,
          0,
          0.05471538871541445,
          0.000002434454064961108,
          0.9985021374569512,
          0,
          9.641325950622559,
          0.000011831521987915039,
          0.00010609626770019531,
          1
        ],
        "jointName": "Bone07"
      },
      "Bone17": {
        "name": "Bone17",
        "matrix": [
          -0.9393148422241211,
          0.1453319191932683,
          0.3107523024082184,
          0,
          0.3336079958264765,
          0.17582952390893788,
          0.9261694847423785,
          0,
          0.07996251414725275,
          0.9736336460899795,
          -0.21364305108224838,
          0,
          -1.0284959077835083,
          -3.4485886096954346,
          5.991357326507568,
          1
        ],
        "children": [
          "Bone18"
        ],
        "jointName": "Bone17"
      },
      "Bone18": {
        "name": "Bone18",
        "matrix": [
          0.9995589256286621,
          0.029070381075143814,
          -0.006104774773120882,
          0,
          -0.029135508156618615,
          0.9995166084573202,
          -0.010865025222102446,
          0,
          0.005785972116591135,
          0.011038096294336809,
          0.9999225139434743,
          0,
          6.447795391082764,
          0.0000057220458984375,
          -0.000004291534423828125,
          1
        ],
        "jointName": "Bone18"
      },
      "K_ChangLeBangGaoShou001": {
        "name": "K_ChangLeBangGaoShou001",
        "matrix": [
          2.54,
          0,
          0,
          0,
          0,
          0.0000000000000005639932965095795,
          -2.5400000000000005,
          0,
          0,
          2.5400000000000005,
          0.0000000000000005639932965095795,
          0,
          0,
          0,
          0,
          1
        ],
        "skin": "skin_K_ChangLeBangGaoShou001",
        "meshes": [
          "mesh_M_ChangLeBangGaoShou001_a_MI_152",
          "mesh_M_ChangLeBangGaoShou001_b_MI_153",
          "mesh_M_ChangLeBangGaoShou001_c_MI_154",
          "mesh_M_ChangLeBangGaoShou001_wq_MI_155"
        ]
      },
      "Bip01-R-Finger3Nub": {
        "name": "Bip01-R-Finger3Nub",
        "matrix": [
          -0.9999997615814207,
          -0.0006903782486914986,
          0.000000119674950838089,
          0,
          0.000690378330853658,
          -0.9999998807932254,
          -0.0000011622905731201066,
          0,
          0.00000012047734236593912,
          -0.0000011622075367165787,
          0.9999999999999906,
          0,
          1.1051921844482422,
          0.000005602836608886719,
          -0.0000002384185791015625,
          1
        ]
      },
      "Bip01-R-Finger4": {
        "name": "Bip01-R-Finger4",
        "matrix": [
          0.4500879049301148,
          0.8912433385849,
          -0.05573473125696179,
          0,
          -0.8148846621297001,
          0.4354492249643976,
          0.3825530369121935,
          0,
          0.36521745207849765,
          -0.12676510363425572,
          0.9222508570802547,
          0,
          3.528186798095703,
          0.3224008083343506,
          -1.7764873504638672,
          1
        ],
        "children": [
          "Bip01-R-Finger41"
        ],
        "jointName": "Bip01-R-Finger4"
      },
      "Bip01-R-Finger41": {
        "name": "Bip01-R-Finger41",
        "matrix": [
          0.7703525424003601,
          0.6376180648803709,
          -0.000000022351741790771484,
          0,
          -0.637618064880371,
          0.7703525424003602,
          -0.000000003725290298461918,
          0,
          0.000000014843408500855952,
          0.000000017121660942111744,
          0.9999998211860668,
          0,
          1.4410438537597656,
          0,
          -0.0000011920928955078125,
          1
        ],
        "children": [
          "Bip01-R-Finger42"
        ],
        "jointName": "Bip01-R-Finger41"
      },
      "Bip01-R-Finger42": {
        "name": "Bip01-R-Finger42",
        "matrix": [
          0.7703524827957152,
          0.6376183032989502,
          -0.00000002607703208923339,
          0,
          -0.6376183224870815,
          0.7703525059782762,
          0.000000022351741790771474,
          0,
          0.00000003434038809125891,
          -0.0000000005915263512048708,
          1.000000119209289,
          0,
          0.9404711723327637,
          0.0000019073486328125,
          -0.0000010728836059570312,
          1
        ],
        "children": [
          "Bip01-R-Finger4Nub"
        ],
        "jointName": "Bip01-R-Finger42"
      },
      "Bip01-R-Finger4Nub": {
        "name": "Bip01-R-Finger4Nub",
        "matrix": [
          -0.9999998807907107,
          -0.0006903111934661342,
          0.0000009015202522277833,
          0,
          0.0006903111101828701,
          -0.9999997616432013,
          -0.0000011473894119261814,
          0,
          0.0000009023119319744385,
          -0.0000011467667409245117,
          0.999999940395278,
          0,
          0.9055871963500977,
          0.00000286102294921875,
          -0.000002384185791015625,
          1
        ]
      },
      "Bone14": {
        "name": "Bone14",
        "matrix": [
          0.32439798116683943,
          -0.0030609518289566244,
          0.945915699005127,
          0,
          -0.22191990112635698,
          0.9718388958120184,
          0.07925137518128399,
          0,
          -0.9195204189329207,
          -0.23562654700666089,
          0.3145833464297988,
          0,
          0.7691516876220703,
          1.5118167400360107,
          -6.213229179382324,
          1
        ],
        "children": [
          "dg01"
        ],
        "jointName": "Bone14"
      },
      "dg01": {
        "name": "dg01",
        "matrix": [
          1.0000001192092896,
          -0.000000009313225746154785,
          0.00000003119930624961854,
          0,
          0.000000009313280618921238,
          0.9999998211860658,
          -0.0000018477439880372108,
          0,
          -0.00000003119928904116029,
          0.000001847744538998599,
          1.0000001192093446,
          0,
          45.62895202636719,
          0.00007772445678710938,
          0.0000152587890625,
          1
        ]
      },
      "Bip01-RUpArmTwist": {
        "name": "Bip01-RUpArmTwist",
        "matrix": [
          0.7355076074600218,
          -0.05733174085617062,
          0.6750863194465637,
          0,
          0.5662314125952326,
          0.5991630354633444,
          -0.5660260631264253,
          0,
          -0.3720355903738957,
          0.7985717308525146,
          0.4731521070609761,
          0,
          6.956830978393555,
          0.00001049041748046875,
          0,
          1
        ],
        "children": [
          "Bip01-RUpArmTwist1"
        ],
        "jointName": "Bip01-RUpArmTwist"
      },
      "Bip01-RUpArmTwist1": {
        "name": "Bip01-RUpArmTwist1",
        "matrix": [
          0.9999998211860656,
          0.00000136345624923706,
          0.0000009313225746154786,
          0,
          -0.0000010340892674409788,
          0.9568705595237446,
          -0.2905138014870007,
          0,
          -0.0000012872583436291997,
          0.2905138245629241,
          0.9568706355339128,
          0,
          5.2960405349731445,
          0.00000667572021484375,
          0.000003814697265625,
          1
        ],
        "jointName": "Bip01-RUpArmTwist1"
      },
      "Bip01-L-Thigh": {
        "name": "Bip01-L-Thigh",
        "matrix": [
          -0.943209230899811,
          0.3082100749015806,
          0.12394653260707857,
          0,
          0.32851913605063954,
          0.9207853249957317,
          0.2103081636629388,
          0,
          -0.04930905564461374,
          0.23908341982884868,
          -0.9697461692225121,
          0,
          -3.1845602989196777,
          -0.13116693496704102,
          3.985633373260498,
          1
        ],
        "children": [
          "Bip01-L-Calf"
        ],
        "jointName": "Bip01-L-Thigh"
      },
      "Bip01-Spine2": {
        "name": "Bip01-Spine2",
        "matrix": [
          0.9934505820274354,
          -0.11234019696712494,
          -0.020864477381110188,
          0,
          0.1103301067369596,
          0.990628240624996,
          -0.08051306003704609,
          0,
          0.02971380054201742,
          0.07768378463743522,
          0.9965349428889839,
          0,
          7.319345474243164,
          -0.005299568176269531,
          0.00043392181396484375,
          1
        ],
        "children": [
          "Bip01-Neck"
        ],
        "jointName": "Bip01-Spine2"
      },
      "Bip01-Neck": {
        "name": "Bip01-Neck",
        "matrix": [
          0.9805967807769774,
          0.19603624939918515,
          0.0000005043111741542815,
          0,
          -0.19603623851392152,
          0.9805967263274327,
          0.00000005960464477539105,
          0,
          -0.0000004828411178731059,
          -0.00000015731135662753915,
          1.000000000000007,
          0,
          7.134943008422852,
          -1.860611915588379,
          -0.0000002384185791015625,
          1
        ],
        "children": [
          "Bip01-Head",
          "Bip01-L-Clavicle",
          "Bip01-R-Clavicle"
        ],
        "jointName": "Bip01-Neck"
      },
      "Bip01-Head": {
        "name": "Bip01-Head",
        "matrix": [
          0.9536787867546082,
          -0.2625409066677093,
          -0.14686548709869385,
          0,
          0.07743560805823677,
          0.6859958643639354,
          -0.7234734419559007,
          0,
          0.2906904609843308,
          0.6785885879495694,
          0.6745496506708885,
          0,
          2.446453094482422,
          -0.0000026226043701171875,
          0,
          1
        ],
        "children": [
          "Bip01-HeadNub",
          "Bone11"
        ],
        "jointName": "Bip01-Head"
      },
      "Bip01-HeadNub": {
        "name": "Bip01-HeadNub",
        "matrix": [
          1,
          0.000000014901161193847656,
          -0.000000014901161193847655,
          0,
          -0.00000001490117318425632,
          0.9999999999999999,
          -0.0000008046627044677367,
          0,
          0.000000014901147427082894,
          0.0000008046626087664752,
          0.9999998807906646,
          0,
          9.019594192504883,
          -0.00000667572021484375,
          0.00000286102294921875,
          1
        ]
      },
      "Bone11": {
        "name": "Bone11",
        "matrix": [
          0.23057788610458388,
          0.9730536937713622,
          0.0004911422729492188,
          0,
          0.9730535476403511,
          -0.2305775377801894,
          -0.0006214976310971651,
          0,
          -0.0004915042354155123,
          0.0006212113989766819,
          -0.9999995232020243,
          0,
          3.9594573974609375,
          1.7774147987365723,
          0,
          1
        ],
        "jointName": "Bone11"
      },
      "Bip01-L-Clavicle": {
        "name": "Bip01-L-Clavicle",
        "matrix": [
          -0.394213944673538,
          -0.32970362901687617,
          0.857840895652771,
          0,
          -0.17830852672664776,
          -0.8882543947594647,
          -0.4233330527520302,
          0,
          0.9015552910870397,
          -0.3198441040475503,
          0.29137326872997044,
          0,
          -2.4846439361572266,
          0.6396520137786865,
          1.127427101135254,
          1
        ],
        "children": [
          "Bip01-L-UpperArm",
          "Bip01-LUpArmTwist"
        ],
        "jointName": "Bip01-L-Clavicle"
      },
      "Bip01-L-UpperArm": {
        "name": "Bip01-L-UpperArm",
        "matrix": [
          0.786289691925049,
          0.21121819317340854,
          -0.5806335210800171,
          0,
          0.036716503573583005,
          0.9221183239922263,
          0.385162010889736,
          0,
          0.6167659266709828,
          -0.32416769557557534,
          0.7172968153003656,
          0,
          6.9568328857421875,
          -0.0000324249267578125,
          -0.00000762939453125,
          1
        ],
        "children": [
          "Bip01-L-Forearm"
        ]
      },
      "Bip01-L-Forearm": {
        "name": "Bip01-L-Forearm",
        "matrix": [
          0.98554527759552,
          -0.16941192746162412,
          -0.00000004121648089494558,
          0,
          0.16941191836518235,
          0.985545224677443,
          -0.00000004470348358154292,
          0,
          0.00000004819402261789692,
          0.0000000370747543291473,
          1.0000001192092884,
          0,
          10.592076301574707,
          -0.00005841255187988281,
          0.000003814697265625,
          1
        ],
        "children": [
          "Bip01-L-Hand"
        ],
        "jointName": "Bip01-L-Forearm"
      },
      "Bip01-L-Hand": {
        "name": "Bip01-L-Hand",
        "matrix": [
          0.9856535196304322,
          0.1686990708112717,
          -0.005219295620918272,
          0,
          -0.1619297504076948,
          0.9364773625375701,
          -0.3111085564564422,
          0,
          -0.047595991447965884,
          0.30749052725701737,
          0.9503599912331884,
          0,
          9.287906646728516,
          -0.00005257129669189453,
          0.000003814697265625,
          1
        ],
        "children": [
          "Bip01-L-Finger0",
          "Bip01-L-Finger1",
          "Bip01-L-Finger2",
          "Bip01-L-Finger3",
          "Bip01-L-Finger4"
        ],
        "jointName": "Bip01-L-Hand"
      },
      "Bip01-L-Finger0": {
        "name": "Bip01-L-Finger0",
        "matrix": [
          0.7261433005332948,
          0.5791696906089782,
          -0.37051075696945185,
          0,
          0.4711789027195625,
          -0.026743660905259183,
          0.8816323942171559,
          0,
          0.5007059081523437,
          -0.8147682453861531,
          -0.29231224686138996,
          0,
          1.6857471466064453,
          1.1524648666381836,
          -2.3031444549560547,
          1
        ],
        "children": [
          "Bip01-L-Finger01"
        ],
        "jointName": "Bip01-L-Finger0"
      },
      "Bip01-L-Finger01": {
        "name": "Bip01-L-Finger01",
        "matrix": [
          0.899965465068817,
          0.4359610378742218,
          0.00000008940696716308591,
          0,
          -0.4359611136961448,
          0.89996562158995,
          -0.000000037252902984619213,
          0,
          -0.00000009670398998420376,
          -0.00000000545163363065506,
          0.9999998211860678,
          0,
          1.2276740074157715,
          0.0000019073486328125,
          0.000003814697265625,
          1
        ],
        "children": [
          "Bip01-L-Finger02"
        ],
        "jointName": "Bip01-L-Finger01"
      },
      "Bip01-L-Finger02": {
        "name": "Bip01-L-Finger02",
        "matrix": [
          0.9607453346252441,
          0.27743116021156305,
          -0.00000014901161193847656,
          0,
          -0.2774311420306519,
          0.9607452716647241,
          0.00000010430812835693362,
          0,
          0.00000017210058849279885,
          -0.00000005887310715770973,
          0.9999999403953553,
          0,
          0.9520940780639648,
          0.0000019073486328125,
          0.000005245208740234375,
          1
        ],
        "children": [
          "Bip01-L-Finger0Nub"
        ],
        "jointName": "Bip01-L-Finger02"
      },
      "Bip01-L-Finger0Nub": {
        "name": "Bip01-L-Finger0Nub",
        "matrix": [
          1,
          0.0000008940696716308595,
          0.00000560283660888672,
          0,
          -0.0000008940665825463523,
          1.0000000000000409,
          -0.0000005513429641722044,
          0,
          -0.000005602837101819647,
          0.0000005513379548626025,
          0.9999999999997117,
          0,
          0.8882226943969727,
          0.0000019073486328125,
          0.000006198883056640625,
          1
        ]
      },
      "Bip01-L-Finger1": {
        "name": "Bip01-L-Finger1",
        "matrix": [
          0.9813445806503296,
          0.1359355300664902,
          -0.13595813512802124,
          0,
          -0.12278599348376223,
          0.9872945032883442,
          0.1008621686246576,
          0,
          0.14794146466524852,
          -0.08228678388515942,
          0.9855670415870624,
          0,
          3.770641326904297,
          -0.17339611053466797,
          -1.3427553176879883,
          1
        ],
        "children": [
          "Bip01-L-Finger11"
        ],
        "jointName": "Bip01-L-Finger1"
      },
      "Bip01-L-Finger11": {
        "name": "Bip01-L-Finger11",
        "matrix": [
          0.9668564796447754,
          0.2553204298019409,
          -0.00000014901161193847656,
          0,
          -0.2553204278591759,
          0.9668564722878265,
          -0.000000029802322387695154,
          0,
          0.00000013646370425968835,
          0.00000006686027926519638,
          0.9999999999999947,
          0,
          1.7271089553833008,
          -0.000009059906005859375,
          0.00000095367431640625,
          1
        ],
        "children": [
          "Bip01-L-Finger12"
        ],
        "jointName": "Bip01-L-Finger11"
      },
      "Bip01-L-Finger12": {
        "name": "Bip01-L-Finger12",
        "matrix": [
          0.9668564796447754,
          0.25532048940658564,
          -0.000000029802322387695312,
          0,
          -0.25532051300607506,
          0.9668565690121415,
          0.000000014901161193847648,
          0,
          0.00000003261914366643699,
          -0.00000000679814016487112,
          1.0000001192092889,
          0,
          1.026820182800293,
          -0.000003814697265625,
          -0.00000095367431640625,
          1
        ],
        "children": [
          "Bip01-L-Finger1Nub"
        ],
        "jointName": "Bip01-L-Finger12"
      },
      "Bip01-L-Finger1Nub": {
        "name": "Bip01-L-Finger1Nub",
        "matrix": [
          1,
          -0.000005424022674560546,
          0.00000003725290298461914,
          0,
          0.00000542402261405339,
          0.9999999999999999,
          0.0000016242265701295955,
          0,
          -0.00000003726171282527252,
          -0.0000016242263680214236,
          1.0000000000001237,
          0,
          1.0072503089904785,
          -0.00000667572021484375,
          0.00000095367431640625,
          1
        ]
      },
      "Bip01-L-Finger2": {
        "name": "Bip01-L-Finger2",
        "matrix": [
          0.9871931076049804,
          0.15133465826511383,
          0.05047227442264557,
          0,
          -0.148774603667002,
          0.9875479460853929,
          -0.05113634453855702,
          0,
          -0.057582510640713125,
          0.042972468040409335,
          0.997415599619016,
          0,
          3.910464286804199,
          -0.01988506317138672,
          -0.2563314437866211,
          1
        ],
        "children": [
          "Bip01-L-Finger21"
        ],
        "jointName": "Bip01-L-Finger2"
      },
      "Bip01-L-Finger21": {
        "name": "Bip01-L-Finger21",
        "matrix": [
          0.9512050747871399,
          0.308558851480484,
          -0.0000000000000000000000008271804715715631,
          0,
          -0.30855890680032,
          0.9512052453235171,
          0.00000002980232238769542,
          0,
          0.000000009195771853322473,
          -0.00000002834812487632791,
          1.0000000000000036,
          0,
          2.2772607803344727,
          -0.0000133514404296875,
          -0.00000286102294921875,
          1
        ],
        "children": [
          "Bip01-L-Finger22"
        ],
        "jointName": "Bip01-L-Finger21"
      },
      "Bip01-L-Finger22": {
        "name": "Bip01-L-Finger22",
        "matrix": [
          0.9512056112289429,
          0.3085589408874512,
          -0.00000008940696716308594,
          0,
          -0.30855883592268063,
          0.9512052876503104,
          -0.00000001490116119384773,
          0,
          0.00000008044647124351405,
          0.00000004176136634954688,
          1.0000001192092942,
          0,
          1.147963523864746,
          -0.0000057220458984375,
          -0.0000019073486328125,
          1
        ],
        "children": [
          "Bip01-L-Finger2Nub"
        ],
        "jointName": "Bip01-L-Finger22"
      },
      "Bip01-L-Calf": {
        "name": "Bip01-L-Calf",
        "matrix": [
          0.8904026150703429,
          -0.45517390966415405,
          -0.00000008568167686462405,
          0,
          0.4551738613500537,
          0.8904025205592283,
          -0.00000008940696716308594,
          0,
          0.00000011698688603309927,
          0.00000004060813286920077,
          0.9999998807907103,
          0,
          18.57884979248047,
          -0.0000095367431640625,
          0.00011491775512695312,
          1
        ],
        "children": [
          "Bip01-L-Foot"
        ],
        "jointName": "Bip01-L-Calf"
      },
      "Bip01-L-Foot": {
        "name": "Bip01-L-Foot",
        "matrix": [
          0.9567455649375914,
          -0.20421451330184942,
          0.20720663666725167,
          0,
          0.2412062374984425,
          0.9550192927177041,
          -0.1725050822725173,
          0,
          -0.16265827598397006,
          0.2150229815573977,
          0.9629681794214955,
          0,
          14.034388542175293,
          -0.0000057220458984375,
          0.00008296966552734375,
          1
        ],
        "children": [
          "Bip01-L-Toe0"
        ],
        "jointName": "Bip01-L-Foot"
      },
      "Bip01-L-Toe0": {
        "name": "Bip01-L-Toe0",
        "matrix": [
          0,
          0.9999997615814208,
          0.00000011920928955078125,
          0,
          -0.9999997019767766,
          0.000000000000005329068930013983,
          -0.00000004470348358154313,
          0,
          -0.00000004470349157515205,
          -0.00000011920930376163972,
          0.9999998807907134,
          0,
          4.820732116699219,
          6.667245864868164,
          0.000045299530029296875,
          1
        ],
        "children": [
          "Bip01-L-Toe0Nub"
        ],
        "jointName": "Bip01-L-Toe0"
      },
      "Bip01-L-Toe0Nub": {
        "name": "Bip01-L-Toe0Nub",
        "matrix": [
          -0.9999996423721316,
          0.0006907284259795537,
          -0.000003337860107421875,
          0,
          -0.0006907284429259515,
          -0.9999996422074657,
          0.000005111098289488922,
          0,
          -0.0000033343293269024275,
          0.000005113403235129774,
          0.9999999999998387,
          0,
          2.817281723022461,
          -0.0000095367431640625,
          0.000008106231689453125,
          1
        ]
      },
      "Bip01-R-Thigh": {
        "name": "Bip01-R-Thigh",
        "matrix": [
          -0.8861188292503352,
          0.3997367322444917,
          -0.23452855646610257,
          0,
          0.4377684783404044,
          0.8880596680108596,
          -0.14038726147905,
          0,
          0.15215746675774053,
          -0.22706909448910081,
          -0.9619189131130871,
          0,
          -3.0385751724243164,
          1.2248611450195312,
          -4.014034748077393,
          1
        ],
        "children": [
          "Bip01-R-Calf"
        ],
        "jointName": "Bip01-R-Thigh"
      },
      "Bip01-R-Calf": {
        "name": "Bip01-R-Calf",
        "matrix": [
          0.8058711290359497,
          -0.5920908451080322,
          -0.00000002980232238769531,
          0,
          0.5920908660037321,
          0.8058711574762452,
          0.00000008940696716308588,
          0,
          -0.00000002892021815636486,
          -0.00000008969618713770339,
          0.9999999999999996,
          0,
          18.57884407043457,
          0.00000476837158203125,
          -0.00001800060272216797,
          1
        ],
        "children": [
          "Bip01-R-Foot"
        ],
        "jointName": "Bip01-R-Calf"
      },
      "Bip01-R-Foot": {
        "name": "Bip01-R-Foot",
        "matrix": [
          0.9901636242866516,
          -0.042811334133148186,
          -0.13320156931877133,
          0,
          0.020924538493748538,
          0.9866401555387483,
          -0.16156464677193755,
          0,
          0.1383388401649557,
          0.15718828326561296,
          0.9778311765151932,
          0,
          14.034378051757812,
          0.0000019073486328125,
          -0.000016927719116210938,
          1
        ],
        "children": [
          "Bip01-R-Toe0"
        ],
        "jointName": "Bip01-R-Foot"
      },
      "Bip01-R-Toe0": {
        "name": "Bip01-R-Toe0",
        "matrix": [
          0.00000005960464477551133,
          0.9999999999999999,
          -0.000002011656761169433,
          0,
          -1.0000002384185775,
          0.00000005960461402220216,
          -0.000000022351741790770866,
          0,
          -0.000000022351616557704817,
          0.000002011656762501633,
          0.9999999999999699,
          0,
          4.820709228515625,
          6.667255401611328,
          -0.00000476837158203125,
          1
        ],
        "children": [
          "Bip01-R-Toe0Nub"
        ],
        "jointName": "Bip01-R-Toe0"
      },
      "Bip01-R-Toe0Nub": {
        "name": "Bip01-R-Toe0Nub",
        "matrix": [
          0.9999998807907104,
          -0.000000029802322387695312,
          -0.0000000000000000000000000000031554432447258564,
          0,
          0.000000029802322387695306,
          0.9999998807907104,
          -0.0000012889504432678225,
          0,
          0.000000000000038413723520939296,
          0.0000012889505200952643,
          0.9999999403953553,
          0,
          2.8172779083251953,
          0.000003814697265625,
          0.00000095367431640625,
          1
        ]
      },
      "Bone04": {
        "name": "Bone04",
        "matrix": [
          -0.9313731789588929,
          0.3192331194877628,
          -0.17502687871456146,
          0,
          0.3147026513355825,
          0.9476632207109256,
          0.053819604390693256,
          0,
          0.1830475321415951,
          -0.004955286655950433,
          -0.9830915959430719,
          0,
          2.7064452171325684,
          5.073132038116455,
          -0.000012159347534179688,
          1
        ],
        "children": [
          "Bone05"
        ],
        "jointName": "Bone04"
      },
      "Bip01-R-Finger11": {
        "name": "Bip01-R-Finger11",
        "matrix": [
          0.39360740780830356,
          0.9192786812782288,
          0.00000011175870895385742,
          0,
          -0.9192788108220599,
          0.3936074632750788,
          -0.00000011175870895385792,
          0,
          -0.0000001467264448125116,
          -0.000000058748351046126225,
          1.0000001192092935,
          0,
          1.7271060943603516,
          0.00000762939453125,
          0,
          1
        ],
        "children": [
          "Bip01-R-Finger12"
        ],
        "jointName": "Bip01-R-Finger11"
      },
      "Bip01-R-Finger12": {
        "name": "Bip01-R-Finger12",
        "matrix": [
          0.6126250624656677,
          0.7903733849525453,
          0.000000033527612686157227,
          0,
          -0.7903733644655349,
          0.6126250465860085,
          0.00000011920928955078088,
          0,
          0.00000007368000716991094,
          -0.00000009952994772693494,
          0.9999997019767731,
          0,
          1.0268163681030273,
          -0.0000057220458984375,
          -0.0000019073486328125,
          1
        ],
        "children": [
          "Bip01-R-Finger1Nub"
        ],
        "jointName": "Bip01-R-Finger12"
      },
      "Bip01-R-Finger1Nub": {
        "name": "Bip01-R-Finger1Nub",
        "matrix": [
          -0.9999998211860659,
          -0.0006903856992720916,
          0.00000046193599700927745,
          0,
          0.0006903856168000811,
          -0.999999701997409,
          -0.00000040233135223388757,
          0,
          0.0000004622135956981271,
          -0.0000004020123424354313,
          0.9999999403953571,
          0,
          1.007253646850586,
          0.000003337860107421875,
          0.00000095367431640625,
          1
        ]
      },
      "Bip01-R-Finger2": {
        "name": "Bip01-R-Finger2",
        "matrix": [
          0.3752298057079315,
          0.9267520308494566,
          0.018265344202518467,
          0,
          -0.9251416974446559,
          0.37320824146693776,
          0.06948917365872821,
          0,
          0.05758243052809742,
          -0.04297242179544495,
          0.9974153647587788,
          0,
          3.910470962524414,
          -0.019857168197631836,
          0.25632715225219727,
          1
        ],
        "children": [
          "Bip01-R-Finger21"
        ],
        "jointName": "Bip01-R-Finger2"
      },
      "Bip01-R-Finger21": {
        "name": "Bip01-R-Finger21",
        "matrix": [
          -0.13340203464031206,
          0.9910621047019957,
          0.0000000023283064365386905,
          0,
          -0.9910619211899419,
          -0.13340200993864967,
          -0.00000006705522537231444,
          0,
          -0.00000006614529905194317,
          -0.000000011252800542574436,
          1.0000001192092896,
          0,
          2.2772603034973145,
          0.00000762939453125,
          -0.0000019073486328125,
          1
        ],
        "children": [
          "Bip01-R-Finger22"
        ],
        "jointName": "Bip01-R-Finger21"
      },
      "Bip01-R-Finger22": {
        "name": "Bip01-R-Finger22",
        "matrix": [
          0.15027815103530914,
          0.9886437058448792,
          0.00000008149072527885436,
          0,
          -0.9886437080587681,
          0.15027815137182918,
          0.00000000954605638980866,
          0,
          -0.0000000028086272586075583,
          -0.00000008199986454999324,
          1,
          0,
          1.147958755493164,
          0.000002384185791015625,
          0.0000007152557373046875,
          1
        ],
        "children": [
          "Bip01-R-Finger2Nub"
        ],
        "jointName": "Bip01-R-Finger22"
      },
      "Bip01-R-Finger2Nub": {
        "name": "Bip01-R-Finger2Nub",
        "matrix": [
          -0.9999997615814213,
          -0.0006904304027556679,
          -0.0000007897615432739261,
          0,
          0.0006904303208422304,
          -0.999999642310463,
          -0.0000005506444722413997,
          0,
          -0.0000007893811263120739,
          -0.0000005511896492395065,
          0.9999999403953511,
          0,
          1.330009937286377,
          0,
          0.000000476837158203125,
          1
        ]
      },
      "Bip01-R-Finger3": {
        "name": "Bip01-R-Finger3",
        "matrix": [
          0.43417415022850003,
          0.899694919586182,
          0.04518872871994974,
          0,
          -0.8871248642680863,
          0.4183141885603944,
          0.1949940638112443,
          0,
          0.15653205028234704,
          -0.1247494013707844,
          0.979762741152381,
          0,
          3.8492660522460938,
          0.15970730781555176,
          -0.8913135528564453,
          1
        ],
        "children": [
          "Bip01-R-Finger31"
        ],
        "jointName": "Bip01-R-Finger3"
      },
      "Bip01-R-Finger31": {
        "name": "Bip01-R-Finger31",
        "matrix": [
          0.4103697538375853,
          0.9119191765785218,
          0,
          0,
          -0.9119191332082244,
          0.4103697343206602,
          0,
          0,
          0,
          0,
          0.9999998807907104,
          0,
          1.886622428894043,
          0.0000019073486328125,
          -0.0000016689300537109375,
          1
        ],
        "children": [
          "Bip01-R-Finger32"
        ],
        "jointName": "Bip01-R-Finger31"
      },
      "Bip01-R-Finger32": {
        "name": "Bip01-R-Finger32",
        "matrix": [
          0.6963170170783997,
          0.7177342772483825,
          0.00000003026798367500305,
          0,
          -0.7177343377419232,
          0.6963170757668081,
          -0.000000022351741790771465,
          0,
          -0.000000037118730834507894,
          -0.000000006160473995694583,
          1.0000001192092889,
          0,
          1.1788082122802734,
          0.0000019073486328125,
          -0.0000019073486328125,
          1
        ],
        "children": [
          "Bip01-R-Finger3Nub"
        ],
        "jointName": "Bip01-R-Finger32"
      },
      "Bone05": {
        "name": "Bone05",
        "matrix": [
          0.9992788434028625,
          -0.03479042649269104,
          -0.015229875221848488,
          0,
          0.03479373938290899,
          0.9993944783206129,
          -0.00004678219553865696,
          0,
          0.015222278048214063,
          -0.00048315576451274313,
          0.9998840683369473,
          0,
          5.460587978363037,
          0,
          -0.0000010728836059570312,
          1
        ],
        "children": [
          "Bone06"
        ],
        "jointName": "Bone05"
      },
      "Bone06": {
        "name": "Bone06",
        "matrix": [
          0.994896411895752,
          -0.0803169906139374,
          -0.061077125370502465,
          0,
          0.08034660916524111,
          0.9967648962974642,
          -0.001974612475708523,
          0,
          0.061038138024444126,
          -0.002942805466653225,
          0.9981311566081557,
          0,
          6.382323265075684,
          0.00000286102294921875,
          -0.000000476837158203125,
          1
        ],
        "children": [
          "Bone08"
        ],
        "jointName": "Bone06"
      },
      "Bone08": {
        "name": "Bone08",
        "matrix": [
          0.9771021008491516,
          -0.2116559147834779,
          -0.021749069914221764,
          0,
          0.21162373688578512,
          0.9773438618770142,
          -0.0037983804950532055,
          0,
          0.02206026707953434,
          -0.0008912137824173218,
          0.9997560384351548,
          0,
          9.478673934936523,
          0.000003814697265625,
          -0.000001430511474609375,
          1
        ],
        "jointName": "Bone08"
      },
      "Bone15": {
        "name": "Bone15",
        "matrix": [
          -0.965321838855743,
          0.18573683500289934,
          0.1834555864334106,
          0,
          0.17333950763427586,
          -0.06945427923397325,
          0.982410150391426,
          0,
          0.19521145585444408,
          0.980141714005928,
          0.0348501882206861,
