{
    "asset": {
      "generator": "tmx:FBX2GLTF",
      "premultipliedAlpha": true,
      "profile": {
        "api": "WebGL",
        "version": "1.0.2"
      },
      "version": "1.0"
    },
    "scene": "test",
    "scenes": {
      "test": {
        "nodes": [
          "RootNode"
        ]
      }
    },
    "nodes": {
      "RootNode": {
        "name": "RootNode",
        "children": [
          "Sky001",
          "Bip01",
          "K_ChangLeBangGaoShou001"
        ]
      },
      "Bip01-Spine1": {
        "name": "Bip01-Spine1",
        "matrix": [
          0.9953318834304808,
          -0.0716032162308693,
          -0.06471413373947144,
          0,
          0.0661351203413744,
          0.9943513877244318,
          -0.08301685001369258,
          0,
          0.07029284655606768,
          0.07834942327498097,
          0.9944449062255795,
          0,
          7.108852386474609,
          -0.005795836448669434,
          0.0004851818084716797,
          1
        ],
        "children": [
          "Bip01-Spine2"
        ],
        "jointName": "Bip01-Spine1"
      },
      "Bip01-Spine": {
        "name": "Bip01-Spine",
        "matrix": [
          0.9980934858322144,
          -0.057107996195554726,
          -0.023415446281433102,
          0,
          0.05444062512333272,
          0.9932945374485599,
          -0.10199367275520928,
          0,
          0.02908308613548686,
          0.10052445838952608,
          0.9945096989640692,
          0,
          3.1579322814941406,
          -0.005620718002319336,
          -0.021623849868774414,
          1
        ],
        "children": [
          "Bip01-Spine1",
          "Bip01-L-Thigh",
          "Bip01-R-Thigh"
        ],
        "jointName": "Bip01-Spine"
      },
      "Bip01-Pelvis": {
        "name": "Bip01-Pelvis",
        "matrix": [
          -0.00000023096799850345402,
          0.007029477506860277,
          0.9999753236770631,
          0,
          0.9999998210430724,
          -0.000016957736845932615,
          0.0000003501806281610789,
          0,
          0.000016959783002898963,
          0.9999753230626338,
          -0.0070294774986236295,
          0,
          0.0000002384185791015625,
          0,
          -0.000003814697265625,
          1
        ],
        "children": [
          "Bip01-Spine",
          "Bone04",
          "Bone15",
          "Bone09",
          "Bone12",
          "Bone01",
          "Bone17"
        ],
        "jointName": "Bip01-Pelvis"
      },
      "Bip01": {
        "name": "Bip01",
        "matrix": [
          0.05409914039075459,
          -0.24252647325396598,
          2.527816423177719,
          0,
          2.5354962814850084,
          -0.1354218568353145,
          -0.06725629008230939,
          0,
          0.1411940571564017,
          2.524765950079538,
          0.23921203256678583,
          0,
          0.004438319206238679,
          94.22559547424316,
          -0.000000000000000023517939949493898,
          1
        ],
        "children": [
          "Bip01-Pelvis"
        ]
      },
      "Sky001": {
        "name": "Sky001",
        "matrix": [
          2.54,
          0,
          0,
          0,
          0,
          2.5400000000000005,
          -0.00000000000000000000000000000012523166870383563,
          0,
          0,
          0.00000000000000000000000000000012523166870383563,
          2.5400000000000005,
          0,
          0,
          0,
          0,
          1
        ]
      },
      "Bip01-Spine2": {
        "name": "Bip01-Spine2",
        "matrix": [
          0.9938356280326843,
          -0.11086258292198178,
          -0.0000003166496753692626,
          0,
          0.11086257635478221,
          0.9938355691606122,
          -0.00000002188608050346376,
          0,
          0.00000031712409346290223,
          -0.00000001335343375439178,
          0.9999998211860662,
          0,
          7.3193511962890625,
          -0.005314826965332031,
          0.0000010728836059570312,
          1
        ],
        "children": [
          "Bip01-Neck"
        ],
        "jointName": "Bip01-Spine2"
      },
      "Bip01-Neck": {
        "name": "Bip01-Neck",
        "matrix": [
          0.8437404036521913,
          0.5073752403259277,
          0.17513397336006167,
          0,
          -0.5263824295747894,
          0.8459800069477086,
          0.08508237427009874,
          0,
          -0.1049911904897627,
          -0.16397494659053294,
          0.9808613033885135,
          0,
          7.135581970214844,
          -1.8603487014770508,
          -0.0001684427261352539,
          1
        ],
        "children": [
          "Bip01-Head",
          "Bip01-L-Clavicle",
          "Bip01-R-Clavicle"
        ],
        "jointName": "Bip01-Neck"
      },
      "Bip01-Head": {
        "name": "Bip01-Head",
        "matrix": [
          0.9841428399086,
          -0.1369690001010895,
          -0.11270562559366225,
          0,
          0.1397988222928209,
          0.9900242683062528,
          0.017562352109649612,
          0,
          0.10917580781189623,
          -0.03303997713957277,
          0.9934734099713084,
          0,
          2.4464569091796875,
          0.0000057220458984375,
          0.000000476837158203125,
          1
        ],
        "children": [
          "Bip01-HeadNub",
          "Bone11"
        ],
        "jointName": "Bip01-Head"
      },
      "Bip01-HeadNub": {
        "name": "Bip01-HeadNub",
        "matrix": [
          1,
          0,
          -0.0000000009313225746154785,
          0,
          -0.00000000000000010907073855204177,
          1.0000000000000004,
          -0.00000011711381375789645,
          0,
          0.0000000009313225191043276,
          0.00000011711380677736916,
          0.9999999403953554,
          0,
          9.019607543945312,
          -0.000003814697265625,
          -0.0000005960464477539062,
          1
        ]
      },
      "Bone11": {
        "name": "Bone11",
        "matrix": [
          0.23057702183723405,
          0.9730540513992311,
          0.0003666100383270533,
          0,
          0.9730541403279143,
          -0.23057686828499363,
          -0.0004634885117403805,
          0,
          -0.0003664675136842631,
          0.0004636011329773721,
          -0.9999998211844904,
          0,
          3.9594497680664062,
          1.7774085998535156,
          -0.000000476837158203125,
          1
        ],
        "jointName": "Bone11"
      },
      "Bip01-L-Clavicle": {
        "name": "Bip01-L-Clavicle",
        "matrix": [
          -0.20112052559852592,
          -0.38247963786125183,
          0.90180903673172,
          0,
          -0.5164245134256814,
          -0.7408907096545777,
          -0.4294026386107118,
          0,
          0.8323797415138573,
          -0.5520780029722365,
          -0.048513534190905684,
          0,
          -1.8936004638671875,
          1.5631332397460938,
          1.3521103858947754,
          1
        ],
        "children": [
          "Bip01-L-UpperArm",
          "Bip01-LUpArmTwist"
        ],
        "jointName": "Bip01-L-Clavicle"
      },
      "Bip01-L-UpperArm": {
        "name": "Bip01-L-UpperArm",
        "matrix": [
          0.6413621902465819,
          0.021049179136753072,
          -0.7669492959976197,
          0,
          0.7555698101392603,
          0.1563453095941245,
          0.636137031861181,
          0,
          0.1332991390573794,
          -0.9874783562111596,
          0.08436987856687474,
          0,
          6.956834316253662,
          0.0000152587890625,
          0.00000762939453125,
          1
        ],
        "children": [
          "Bip01-L-Forearm"
        ]
      },
      "Bip01-L-Forearm": {
        "name": "Bip01-L-Forearm",
        "matrix": [
          0.24854341149330147,
          -0.9686206579208375,
          0.0000000745058059692383,
          0,
          0.9686209103103467,
          0.24854347625524162,
          0.000000044703483581543485,
          0,
          -0.00000006181864555839545,
          0.00000006105712120078877,
          1.0000000000000115,
          0,
          10.59207534790039,
          0.00002288818359375,
          -0.00002384185791015625,
          1
        ],
        "children": [
          "Bip01-L-Hand"
        ],
        "jointName": "Bip01-L-Forearm"
      },
      "Bip01-L-Hand": {
        "name": "Bip01-L-Hand",
        "matrix": [
          0.7116410136222838,
          -0.3092319369316101,
          0.6308267116546631,
          0,
          0.480772988156073,
          -0.4403777959903558,
          -0.7582377959150541,
          0,
          0.5122735587362749,
          0.842877786384772,
          -0.16472058362593633,
          0,
          9.287910461425781,
          0.0000057220458984375,
          -0.0000019073486328125,
          1
        ],
        "children": [
          "Bip01-L-Finger0",
          "Bip01-L-Finger1",
          "Bip01-L-Finger2",
          "Bip01-L-Finger3",
          "Bip01-L-Finger4"
        ],
        "jointName": "Bip01-L-Hand"
      },
      "Bip01-L-Finger0": {
        "name": "Bip01-L-Finger0",
        "matrix": [
          0.463477224111557,
          -0.4205063581466675,
          -0.7799765467643739,
          0,
          0.4557542286351193,
          0.8679990884791458,
          -0.19714365956767133,
          0,
          0.7599190707883707,
          -0.26410600528915606,
          0.5939453408554659,
          0,
          1.6857519149780273,
          1.1524639129638672,
          -2.303142547607422,
          1
        ],
        "children": [
          "Bip01-L-Finger01"
        ],
        "jointName": "Bip01-L-Finger0"
      },
      "Bone02": {
        "name": "Bone02",
        "matrix": [
          0.9866735935211182,
          0.15813744068145755,
          -0.0383111461997032,
          0,
          -0.15663231688459237,
          0.9868646792679937,
          0.039552032936056615,
          0,
          0.04406258524682634,
          -0.033024191104011044,
          0.9984830018959188,
          0,
          2.845712661743164,
          0.000026702880859375,
          0.000023603439331054688,
          1
        ],
        "children": [
          "Bone03"
        ],
        "jointName": "Bone02"
      },
      "Bone03": {
        "name": "Bone03",
        "matrix": [
          0.9923544526100159,
          0.11686740815639499,
          -0.039673864841461196,
          0,
          -0.11681659337295595,
          0.9931470140333978,
          0.0036056702953228418,
          0,
          0.03982337655637463,
          0.0010564630513353128,
          0.9992061852486315,
          0,
          9.340999603271484,
          0.0000133514404296875,
          0.00008153915405273438,
          1
        ],
        "children": [
          "Bone07"
        ],
        "jointName": "Bone03"
      },
      "Bone07": {
        "name": "Bone07",
        "matrix": [
          0.9894862771034241,
          0.13407635688781738,
          -0.05422356724739073,
          0,
          -0.13387556069883447,
          0.9909710292157439,
          0.007335467727157724,
          0,
          0.05471750984661007,
          0.0000008658163805515092,
          0.9985020157190699,
          0,
          9.641324996948242,
          0.00001049041748046875,
          0.00008428096771240234,
          1
        ],
        "jointName": "Bone07"
      },
      "Bone17": {
        "name": "Bone17",
        "matrix": [
          -0.9571245908737185,
          0.07681521773338325,
          0.2793070673942567,
          0,
          0.2896771381851959,
          0.2525721320390347,
          0.9231980109226341,
          0,
          0.00037047469200258336,
          0.9645243313374164,
          -0.2639945948046345,
          0,
          -1.0284919738769531,
          -3.4485931396484375,
          5.991360664367676,
          1
        ],
        "children": [
          "Bone18"
        ],
        "jointName": "Bone17"
      },
      "Bone18": {
        "name": "Bone18",
        "matrix": [
          0.9995587468147278,
          0.02906820178031921,
          -0.006102003157138824,
          0,
          -0.029133305902973868,
          0.9995165462642495,
          -0.010865626854377277,
          0,
          0.005783207022932536,
          0.011038600328423376,
          0.9999220369122919,
          0,
          6.447797775268555,
          -0.0000095367431640625,
          0.0000152587890625,
          1
        ],
        "jointName": "Bone18"
      },
      "K_ChangLeBangGaoShou001": {
        "name": "K_ChangLeBangGaoShou001",
        "matrix": [
          2.54,
          0,
          0,
          0,
          0,
          0.0000000000000005639932965095795,
          -2.5400000000000005,
          0,
          0,
          2.5400000000000005,
          0.0000000000000005639932965095795,
          0,
          0,
          0,
          0,
          1
        ],
        "skin": "skin_K_ChangLeBangGaoShou001",
        "meshes": [
          "mesh_M_ChangLeBangGaoShou001_a_MI_144",
          "mesh_M_ChangLeBangGaoShou001_b_MI_145",
          "mesh_M_ChangLeBangGaoShou001_c_MI_146",
          "mesh_M_ChangLeBangGaoShou001_wq_MI_147"
        ]
      },
      "Bip01-L-Finger01": {
        "name": "Bip01-L-Finger01",
        "matrix": [
          0.8433526754379271,
          0.5373605489730836,
          -0.00000011920928955078125,
          0,
          -0.5373605219611789,
          0.8433526330445072,
          0.00000008940696716308561,
          0,
          0.00000014857922085999467,
          -0.00000001134323704723331,
          0.9999998807907066,
          0,
          1.2276687622070312,
          -0.0000019073486328125,
          0.0000095367431640625,
          1
        ],
        "children": [
          "Bip01-L-Finger02"
        ],
        "jointName": "Bip01-L-Finger01"
      },
      "Bip01-L-Finger02": {
        "name": "Bip01-L-Finger02",
        "matrix": [
          0.9680770039558412,
          0.25065219402313227,
          0,
          0,
          -0.2506522355400859,
          0.9680771643039611,
          -0.00000005960464477539078,
          0,
          -0.000000014940038369459842,
          0.0000000577018990001628,
          1.0000000000000027,
          0,
          0.9520893096923828,
          -0.0000019073486328125,
          0.0000019073486328125,
          1
        ],
        "children": [
          "Bip01-L-Finger0Nub"
        ],
        "jointName": "Bip01-L-Finger02"
      },
      "Bip01-L-Finger0Nub": {
        "name": "Bip01-L-Finger0Nub",
        "matrix": [
          0.9999999403953552,
          -0.0000012218952178955076,
          0.000002294778823852539,
          0,
          0.0000012218969320799601,
          1,
          -0.0000007152557373049199,
          0,
          -0.0000022947780866617267,
          0.0000007152585412874562,
          1.000000000000325,
          0,
          0.8882274627685547,
          -0.0000152587890625,
          0.0000057220458984375,
          1
        ]
      },
      "Bip01-L-Finger1": {
        "name": "Bip01-L-Finger1",
        "matrix": [
          0.9326168894767761,
          0.35775157809257513,
          -0.04732753336429596,
          0,
          -0.34729044169350004,
          0.9254108268565865,
          0.15167180084027337,
          0,
          0.09805820531583329,
          -0.12501524163004343,
          0.9872971424664481,
          0,
          3.7706480026245117,
          -0.1733856201171875,
          -1.3427467346191406,
          1
        ],
        "children": [
          "Bip01-L-Finger11"
        ],
        "jointName": "Bip01-L-Finger1"
      },
      "Bip01-L-Finger11": {
        "name": "Bip01-L-Finger11",
        "matrix": [
          0.9812782406806947,
          0.1925957202911377,
          0,
          0,
          -0.1925957073682665,
          0.9812781748384618,
          -0.000000029802322387695425,
          0,
          -0.0000000057397995743588554,
          0.00000002924436960319014,
          1.0000000000000036,
          0,
          1.727107048034668,
          0.000003814697265625,
          0.000011444091796875,
          1
        ],
        "children": [
          "Bip01-L-Finger12"
        ],
        "jointName": "Bip01-L-Finger11"
      },
      "Bip01-L-Finger12": {
        "name": "Bip01-L-Finger12",
        "matrix": [
          0.9317028522491456,
          0.36322179436683655,
          0,
          0,
          -0.3632218263333889,
          0.9317029342467802,
          -0.00000003725290298461911,
          0,
          -0.000000013531061331307245,
          0.00000003470862330360245,
          0.9999999999999993,
          0,
          1.026820182800293,
          -0.0000057220458984375,
          -0.00000762939453125,
          1
        ],
        "children": [
          "Bip01-L-Finger1Nub"
        ],
        "jointName": "Bip01-L-Finger12"
      },
      "Bip01-L-Finger1Nub": {
        "name": "Bip01-L-Finger1Nub",
        "matrix": [
          0.9999999403953552,
          -0.0000010989606380462646,
          0.00000035762786865234375,
          0,
          0.0000010989614396275334,
          0.9999998211862452,
          -0.0000026077032089237786,
          0,
          -0.0000003576250242043898,
          0.000002607704068233684,
          1.000000000000168,
          0,
          1.0072479248046875,
          -0.00000095367431640625,
          -0.000003814697265625,
          1
        ]
      },
      "Bip01-L-Finger2": {
        "name": "Bip01-L-Finger2",
        "matrix": [
          0.9241501092910765,
          0.38199168443679815,
          -0.005372345447540282,
          0,
          -0.3819914238098814,
          0.9237681822227853,
          -0.027111455727725112,
          0,
          -0.005393548408281282,
          0.02710724242733442,
          0.9996179316304085,
          0,
          3.910466194152832,
          -0.019868850708007812,
          -0.2563209533691406,
          1
        ],
        "children": [
          "Bip01-L-Finger21"
        ],
        "jointName": "Bip01-L-Finger2"
      },
      "Bip01-L-Finger21": {
        "name": "Bip01-L-Finger21",
        "matrix": [
          0.8613209128379822,
          0.5080610513687134,
          0.00000007450580596923828,
          0,
          -0.5080610834618275,
          0.861320967245757,
          -0.000000011175870895385732,
          0,
          -0.00000006985145918019112,
          -0.00000002822749791238632,
          1.0000001192092889,
          0,
          2.2772607803344727,
          -0.0000019073486328125,
          0.00000762939453125,
          1
        ],
        "children": [
          "Bip01-L-Finger22"
        ],
        "jointName": "Bip01-L-Finger21"
      },
      "Bip01-L-Finger22": {
        "name": "Bip01-L-Finger22",
        "matrix": [
          0.9140564203262329,
          0.4055870175361634,
          -0.00000002980232238769532,
          0,
          -0.40558696353675816,
          0.9140562986297748,
          -0.00000001490116119384766,
          0,
          0.00000002119728519580031,
          0.000000025707938207616128,
          0.9999999403953553,
          0,
          1.1479673385620117,
          -0.00000095367431640625,
          0.000003814697265625,
          1
        ],
        "children": [
          "Bip01-L-Finger2Nub"
        ],
        "jointName": "Bip01-L-Finger22"
      },
      "Bip01-L-Finger2Nub": {
        "name": "Bip01-L-Finger2Nub",
        "matrix": [
          1.0000001192092893,
          -0.000001300126314163208,
          -0.0000008940696716308595,
          0,
          0.0000013001240142254517,
          0.9999999999999902,
          -0.0000023990869522096344,
          0,
          0.0000008940727907454848,
          0.000002399086075797764,
          1.0000001192093566,
          0,
          1.3300094604492188,
          -0.000002384185791015625,
          -0.000003814697265625,
          1
        ]
      },
      "Bip01-L-Finger3": {
        "name": "Bip01-L-Finger3",
        "matrix": [
          0.9818212985992432,
          0.18980695307254786,
          0.00031352043151855317,
          0,
          -0.18910699343531331,
          0.9783396735163739,
          -0.08420067281889122,
          0,
          -0.016288604999143693,
          0.08261073703415094,
          0.9964486958203688,
          0,
          3.849262237548828,
          0.15969562530517578,
          0.8913307189941406,
          1
        ],
        "children": [
          "Bip01-L-Finger31"
        ],
        "jointName": "Bip01-L-Finger3"
      },
      "Bip01-L-Finger31": {
        "name": "Bip01-L-Finger31",
        "matrix": [
          0.7986181974411011,
          0.6018379330635072,
          -0.00000004470348358154297,
          0,
          -0.6018379762421789,
          0.7986182547377098,
          -0.000000011175870895385736,
          0,
          0.00000002897495860629105,
          0.0000000358295124200012,
          1.0000001192092887,
          0,
          1.8866209983825684,
          -0.0000019073486328125,
          0.000003814697265625,
          1
        ],
        "children": [
          "Bip01-L-Finger32"
        ],
        "jointName": "Bip01-L-Finger31"
      },
      "Bip01-L-Finger32": {
        "name": "Bip01-L-Finger32",
        "matrix": [
          0.973215341567993,
          0.22989577054977411,
          0.000000029802322387695312,
          0,
          -0.22989572350692566,
          0.9732151424219947,
          0.00000002980232238769542,
          0,
          -0.000000022152641764024415,
          -0.000000035855500926619514,
          0.9999998807907141,
          0,
          1.1788043975830078,
          -0.000002384185791015625,
          0,
          1
        ],
        "children": [
          "Bip01-L-Finger3Nub"
        ],
        "jointName": "Bip01-L-Finger32"
      },
      "Bip01-L-Finger3Nub": {
        "name": "Bip01-L-Finger3Nub",
        "matrix": [
          1,
          -0.000001255422830581665,
          -0.00000029802322387695307,
          0,
          0.0000012554220119032696,
          0.9999999403954052,
          -0.000002495944499969499,
          0,
          0.00000029802630405111565,
          0.000002495943828280797,
          0.999999821186072,
          0,
          1.1051883697509766,
          -0.00000095367431640625,
          0,
          1
        ]
      },
      "Bip01-L-Finger4": {
        "name": "Bip01-L-Finger4",
        "matrix": [
          0.9743878841400145,
          0.21221962571144107,
          0.0743706524372101,
          0,
          -0.1781631015262479,
          0.930339955210986,
          -0.3205085442999936,
          0,
          -0.13720818677933605,
          0.29904952318016387,
          0.9443216460070691,
          0,
          3.5281805992126465,
          0.32239341735839844,
          1.7765007019042969,
          1
        ],
        "children": [
          "Bip01-L-Finger41"
        ],
        "jointName": "Bip01-L-Finger4"
      },
      "Bip01-L-Finger41": {
        "name": "Bip01-L-Finger41",
        "matrix": [
          0.9522199630737306,
          0.3054136037826538,
          0.000000029802322387695312,
          0,
          -0.30541359822288444,
          0.9522199457394599,
          -0.00000004470348358154292,
          0,
          -0.00000004203140984162261,
          0.000000033465508609732265,
          1.0000001192092884,
          0,
          1.4410419464111328,
          -0.000000476837158203125,
          0.000003814697265625,
          1
        ],
        "children": [
          "Bip01-L-Finger42"
        ],
        "jointName": "Bip01-L-Finger41"
      },
      "Bip01-L-Finger42": {
        "name": "Bip01-L-Finger42",
        "matrix": [
          0.9646297097206117,
          0.2636089324951172,
          -0.000000029802322387695312,
          0,
          -0.26360893249511547,
          0.964629709720612,
          0.00000005960464477539057,
          0,
          0.00000004446051587617878,
          -0.00000004964024554142935,
          0.9999999999999991,
          0,
          0.9404735565185547,
          0,
          0.0000152587890625,
          1
        ],
        "children": [
          "Bip01-L-Finger4Nub"
        ],
        "jointName": "Bip01-L-Finger42"
      },
      "Bip01-L-Finger4Nub": {
        "name": "Bip01-L-Finger4Nub",
        "matrix": [
          1,
          -0.0000017583370208740232,
          0.00000005960464477539062,
          0,
          0.0000017583375768733794,
          1.0000002384183888,
          -0.000002294778823852694,
          0,
          -0.00000005960061688655804,
          0.000002294778655092377,
          1.000000119209357,
          0,
          0.9055862426757812,
          -0.00000095367431640625,
          -0.000019073486328125,
          1
        ]
      },
      "Bip01-LUpArmTwist": {
        "name": "Bip01-LUpArmTwist",
        "matrix": [
          0.6413621902465824,
          0.02104924619197841,
          -0.7669495344161986,
          0,
          0.5915214726458619,
          0.623059913758821,
          0.5117604629486636,
          0,
          0.48862769794514266,
          -0.781890953761568,
          0.38715600187991034,
          0,
          6.956834316253662,
          0.0000152587890625,
          0.00000762939453125,
          1
        ],
        "children": [
          "Bip01-LUpArmTwist1"
        ],
        "jointName": "Bip01-LUpArmTwist"
      },
      "Bip01-L-Calf": {
        "name": "Bip01-L-Calf",
        "matrix": [
          0.9492723941802979,
          -0.3144552111625672,
          0.00000005960464477539063,
          0,
          0.31445521116256614,
          0.9492723941802983,
          0.000000019324943423271196,
          0,
          -0.00000006265785936914466,
          0.00000000039835576155194416,
          0.9999999403953561,
          0,
          18.57883644104004,
          -0.0000019073486328125,
          0.00001811981201171875,
          1
        ],
        "children": [
          "Bip01-L-Foot"
        ],
        "jointName": "Bip01-L-Calf"
      },
      "Bip01-L-Foot": {
        "name": "Bip01-L-Foot",
        "matrix": [
          0.9943013787269591,
          0.03597625717520713,
          0.10034805536270143,
          0,
          -0.027191468645562832,
          0.9957863690425659,
          -0.08757670199569766,
          0,
          -0.10307594999876167,
          0.08434905919764903,
          0.9910904141760251,
          0,
          14.03437614440918,
          0.000002384185791015625,
          0.00001239776611328125,
          1
        ],
        "children": [
          "Bip01-L-Toe0"
        ],
        "jointName": "Bip01-L-Foot"
      },
      "Bip01-L-Toe0": {
        "name": "Bip01-L-Toe0",
        "matrix": [
          -0.20662727952003546,
          0.978413999080658,
          0.0033920544665306802,
          0,
          -0.9784188942415079,
          -0.20662049340022287,
          -0.002255597151741699,
          0,
          -0.0015060394406424887,
          -0.003784917024479582,
          0.9999918937354181,
          0,
          4.820713520050049,
          6.667256832122803,
          0.000006198883056640625,
          1
        ],
        "children": [
          "Bip01-L-Toe0Nub"
        ],
        "jointName": "Bip01-L-Toe0"
      },
      "Bip01-L-Toe0Nub": {
        "name": "Bip01-L-Toe0Nub",
        "matrix": [
          -0.9999997615814207,
          0.0006905794143676,
          -0.000000025378540158271793,
          0,
          -0.0006905793732407238,
          -0.999999701987095,
          0.000001093372702598576,
          0,
          -0.000000024623471912692638,
          0.00000109338996773461,
          0.9999999403953592,
          0,
          2.817279815673828,
          -0.0000002384185791015625,
          0,
          1
        ]
      },
      "Bip01-R-Thigh": {
        "name": "Bip01-R-Thigh",
        "matrix": [
          -0.995339512825012,
          0.034870952367782475,
          0.08990976214408872,
          0,
          0.0303069692206022,
          0.9982062577482171,
          -0.05163709454022714,
          0,
          -0.09154908378503339,
          -0.04867152788231783,
          -0.9946105494129511,
          0,
          -3.0577239990234375,
          0.24529826641082764,
          -4.105043888092041,
          1
        ],
        "children": [
          "Bip01-R-Calf"
        ],
        "jointName": "Bip01-R-Thigh"
      },
      "Bip01-R-Calf": {
        "name": "Bip01-R-Calf",
        "matrix": [
          0.9733500480651857,
          -0.2293246388435364,
          0.0000000037252902984619136,
          0,
          0.22932460988351183,
          0.9733499251466827,
          0.000000013969838619232176,
          0,
          -0.0000000068296385532551314,
          -0.000000012743241085838477,
          0.9999998807907103,
          0,
          18.578855514526367,
          0.0000010728836059570312,
          0.00002956390380859375,
          1
        ],
        "children": [
          "Bip01-R-Foot"
        ],
        "jointName": "Bip01-R-Calf"
      },
      "Bip01-R-Foot": {
        "name": "Bip01-R-Foot",
        "matrix": [
          0.9752894043922424,
          0.21713818609714505,
          0.04076309874653816,
          0,
          -0.22090989225157648,
          0.9558851196562987,
          0.19360442364906047,
          0,
          0.00307407418891249,
          -0.19782533667756652,
          0.980232710813115,
          0,
          14.034379959106445,
          -0.0000007152557373046875,
          0.000020503997802734375,
          1
        ],
        "children": [
          "Bip01-R-Toe0"
        ],
        "jointName": "Bip01-R-Foot"
      },
      "Bip01-R-Toe0": {
        "name": "Bip01-R-Toe0",
        "matrix": [
          -0.21642506122589153,
          0.976299524307251,
          -0.0000000060535967350006145,
          0,
          -0.9762990761021476,
          -0.2164249618682517,
          -0.00000006193295121192936,
          0,
          -0.00000006177524982153663,
          -0.000000007493720593466366,
          0.9999999403953559,
          0,
          4.8207106590271,
          6.667258262634277,
          0.0000069141387939453125,
          1
        ],
        "children": [
          "Bip01-R-Toe0Nub"
        ],
        "jointName": "Bip01-R-Toe0"
      },
      "Bip01-R-Toe0Nub": {
        "name": "Bip01-R-Toe0Nub",
        "matrix": [
          0.9999997615814209,
          0.00000005960464477539063,
          -0.000000052968971431255354,
          0,
          -0.00000005960473591740425,
          0.9999999403953539,
          -0.000001519452780485144,
          0,
          0.00000005296888402199826,
          0.0000015194526025094353,
          0.999999821186059,
          0,
          2.817281723022461,
          0.0000010132789611816406,
          -0.00000095367431640625,
          1
        ]
      },
      "Bone04": {
        "name": "Bone04",
        "matrix": [
          -0.863288164138794,
          0.49959692358970653,
          -0.0716715157032013,
          0,
          0.5020556038263644,
          0.8354932671923058,
          -0.223363415669357,
          0,
          -0.05171060236197182,
          -0.228810060870486,
          -0.9720968062989981,
          0,
          2.7064476013183594,
          5.073137283325195,
          -0.000012636184692382812,
          1
        ],
        "children": [
          "Bone05"
        ],
        "jointName": "Bone04"
      },
      "Bip01-R-Finger3Nub": {
        "name": "Bip01-R-Finger3Nub",
        "matrix": [
          -0.9999998807907106,
          -0.0006904900074004275,
          -0.0000010877847671508791,
          0,
          0.0006904899248251834,
          -0.9999997615300352,
          0.00000020861625671387756,
          0,
          -0.000001087928425618386,
          0.00000020786510266665123,
          1.0000000000000495,
          0,
          1.1051921844482422,
          0.0000057220458984375,
          -0.0000019073486328125,
          1
        ]
      },
      "Bip01-R-Finger4": {
        "name": "Bip01-R-Finger4",
        "matrix": [
          0.37451753020286577,
          0.9251921176910398,
          -0.06129074096679688,
          0,
          -0.8965472385171553,
          0.37819765615349865,
          0.23058675258069936,
          0,
          0.23651699522489386,
          -0.03140872784401739,
          0.9711198222727716,
          0,
          3.528183937072754,
          0.32239532470703125,
          -1.7764892578125,
          1
        ],
        "children": [
          "Bip01-R-Finger41"
        ],
        "jointName": "Bip01-R-Finger4"
      },
      "Bip01-R-Finger41": {
        "name": "Bip01-R-Finger41",
        "matrix": [
          0.9379202127456665,
          0.34685158729553217,
          0,
          0,
          -0.34685151690423677,
          0.9379200224008011,
          0.00000014901161193847662,
          0,
          0.000000051684906572955895,
          -0.00000013976098234586662,
          1.0000000000000004,
          0,
          1.4410438537597656,
          0.00000095367431640625,
          -0.000003814697265625,
          1
        ],
        "children": [
          "Bip01-R-Finger42"
        ],
        "jointName": "Bip01-R-Finger41"
      },
      "Bip01-R-Finger42": {
        "name": "Bip01-R-Finger42",
        "matrix": [
          0.9379198551177977,
          0.3468517363071441,
          -0.00000008940696716308594,
          0,
          -0.3468517169166163,
          0.937919802683956,
          -0.00000008940696716308649,
          0,
          0.000000052845614547457105,
          0.00000011486755441458457,
          0.9999999403953614,
          0,
          0.9404697418212891,
          0.00000286102294921875,
          0.000003814697265625,
          1
        ],
        "children": [
          "Bip01-R-Finger4Nub"
        ],
        "jointName": "Bip01-R-Finger42"
      },
      "Bip01-R-Finger4Nub": {
        "name": "Bip01-R-Finger4Nub",
        "matrix": [
          -0.999999880790711,
          -0.000690296292304945,
          -0.0000009536743164062502,
          0,
          0.0006902961694885346,
          -0.9999997020488702,
          -0.0000005960464477538977,
          0,
          -0.000000953262527030267,
          -0.0000005967046590136426,
          0.9999999999999858,
          0,
          0.9055843353271484,
          0.0000019073486328125,
          0.0000057220458984375,
          1
        ]
      },
      "Bone14": {
        "name": "Bone14",
        "matrix": [
          0.3243979513645171,
          -0.0030607283115387136,
          0.9459157586097717,
          0,
          -0.2219201773663004,
          0.9718389641465723,
          0.07925122850905379,
          0,
          -0.919520513604618,
          -0.23562676909847347,
          0.31458338506295036,
          0,
          0.7691383361816406,
          1.5118236541748047,
          -6.213232040405273,
          1
        ],
        "children": [
          "dg01"
        ],
        "jointName": "Bone14"
      },
      "dg01": {
        "name": "dg01",
        "matrix": [
          0.9999999403953552,
          -0.000000029802322387695312,
          0.000000029802322387695312,
          0,
          0.000000029802353473941855,
          0.9999999403953552,
          -0.0000010430812835693849,
          0,
          -0.000000029802293077805242,
          0.0000010430813466301056,
          1.000000000000047,
          0,
          45.628963470458984,
          -0.000030517578125,
          -0.00000858306884765625,
          1
        ]
      },
      "Bip01-RUpArmTwist": {
        "name": "Bip01-RUpArmTwist",
        "matrix": [
          0.43647232651710516,
          0.3270978927612305,
          0.8381521701812745,
          0,
          -0.010579338108339139,
          0.9333737434686695,
          -0.35874988698659965,
          0,
          -0.8996555353210375,
          0.147717298442562,
          0.41085227691547227,
          0,
          6.956835746765137,
          0.000010013580322265625,
          0,
          1
        ],
        "children": [
          "Bip01-RUpArmTwist1"
        ],
        "jointName": "Bip01-RUpArmTwist"
      },
      "Bip01-RUpArmTwist1": {
        "name": "Bip01-RUpArmTwist1",
        "matrix": [
          0.9999999999999999,
          0.0000008791685104370117,
          0.00000035762786865234386,
          0,
          -0.000000918962298386448,
          0.9910941123238441,
          0.13316513651819756,
          0,
          -0.00000023736825273575182,
          -0.13316512104952158,
          0.9910939971951235,
          0,
          5.296043395996094,
          0.00000476837158203125,
          -0.0000019073486328125,
          1
        ],
        "jointName": "Bip01-RUpArmTwist1"
      },
      "Bip01-L-Thigh": {
        "name": "Bip01-L-Thigh",
        "matrix": [
          -0.9380873441696163,
          0.29052078723907454,
          0.18865388631820676,
          0,
          0.3243394131113171,
          0.9279030682127929,
          0.1838476242036847,
          0,
          -0.1216409253948929,
          0.23365294723278265,
          -0.9646811649024785,
          0,
          -3.247753143310547,
          -0.5823794603347778,
          3.9654998779296875,
          1
        ],
        "children": [
          "Bip01-L-Calf"
        ],
        "jointName": "Bip01-L-Thigh"
      },
      "Bone05": {
        "name": "Bone05",
        "matrix": [
          0.9998518228530884,
          -0.008052259683609012,
          -0.015225598588585854,
          0,
          0.008058680100609648,
          0.9999674555196754,
          0.00036046933395516857,
          0,
          0.01522219980383189,
          -0.00048311412733068656,
          0.9998841289247011,
          0,
          5.460590362548828,
          -0.0000457763671875,
          -0.00035119056701660156,
          1
        ],
        "children": [
          "Bone06"
        ],
        "jointName": "Bone05"
      },
      "Bone06": {
        "name": "Bone06",
        "matrix": [
          0.9957647323608398,
          -0.06869947910308838,
          -0.061095897108316415,
          0,
          0.06875087631084714,
          0.9976330962614468,
          -0.001263196115802945,
          0,
          0.0610380830124278,
          -0.0029425509543710296,
          0.998131216640857,
          0,
          6.382329940795898,
          -0.0000476837158203125,
          -0.00041174888610839844,
          1
        ],
        "children": [
          "Bone08"
        ],
        "jointName": "Bone06"
      },
      "Bone08": {
        "name": "Bone08",
        "matrix": [
          0.9975186586380004,
          -0.06683331727981567,
          -0.02213667705655098,
          0,
          0.06683695412650825,
          0.9977639872986444,
          -0.0005767941479012106,
          0,
          0.022125719334800006,
          -0.0009041847806353927,
          0.9997547275969765,
          0,
          9.478666305541992,
          -0.0000629425048828125,
          -0.0006220340728759766,
          1
        ],
        "jointName": "Bone08"
      },
      "Bone15": {
        "name": "Bone15",
        "matrix": [
          -0.8599065542221069,
          0.44255068898200983,
          0.25438049435615534,
          0,
          0.24772144604602184,
          -0.07392601871031049,
          0.966006871762143,
          0,
          0.44631244718253693,
          0.8936913512816602,
          -0.0460598392712694,
          0,
          -1.1392898559570312,
          5.678631782531738,
          5.929230213165283,
          1
        ],
        "children": [
