{
  "asset": {
    "generator": "tmx:FBX2GLTF",
    "premultipliedAlpha": true,
    "profile": {
      "api": "WebGL",
      "version": "1.0.2"
    },
    "version": "1.0"
  },
  "scene": "test",
  "scenes": {
    "test": {
      "nodes": [
        "RootNode"
      ]
    }
  },
  "nodes": {
    "RootNode": {
      "name": "RootNode",
      "children": [
        "Sky001",
        "Bip01",
        "K_ChangLeBangGaoShou001"
      ]
    },
    "Bip01-Spine1": {
      "name": "Bip01-Spine1",
      "matrix": [
        0.99997478723526,
        0.007095079869031905,
        0.0003498356090858579,
        0, -0.00668758528573895,
        0.9568643554943191, -0.2904574325723715,
        0, -0.0023955642053751216,
        0.29044780592522357,
        0.9568877983250011,
        0,
        7.109272003173828, -0.0055792927742004395,
        0.001693451777100563,
        1
      ],
      "children": [
        "Bip01-Spine2"
      ],
      "jointName": "Bip01-Spine1"
    },
    "Bip01-Spine": {
      "name": "Bip01-Spine",
      "matrix": [
        0.9997459053993225,
        0.021622568368911743,
        0.006400508806109428,
        0, -0.017631742949097154,
        0.9264942971697542, -0.3758956574280588,
        0, -0.014057860692733359,
        0.3756871915630359,
        0.9266398752044264,
        0,
        3.1580352783203125,
        0.0029692351818084717,
        0.05058896541595459,
        1
      ],
      "children": [
        "Bip01-Spine1",
        "Bip01-L-Thigh",
        "Bip01-R-Thigh"
      ],
      "jointName": "Bip01-Spine"
    },
    "Bip01-Pelvis": {
      "name": "Bip01-Pelvis",
      "matrix": [-0.0015731253661217953, -0.015482894144956122,
        0.9998790025711058,
        0,
        0.9977797350609735,
        0.066554727392649,
        0.0026004070526610794,
        0, -0.06658692817943714,
        0.9976629758416367,
        0.01534381722396043,
        0,
        0,
        0, -0.000003814697265625,
        1
      ],
      "children": [
        "Bip01-Spine",
        "Bone04",
        "Bone15",
        "Bone09",
        "Bone12",
        "Bone01",
        "Bone17"
      ],
      "jointName": "Bip01-Pelvis"
    },
    "Sky001": {
      "name": "Sky001",
      "matrix": [
        2.54,
        0,
        0,
        0,
        0,
        2.5400000000000005, -0.00000000000000000000000000000012523166870383563,
        0,
        0,
        0.00000000000000000000000000000012523166870383563,
        2.5400000000000005,
        0,
        0,
        0,
        0,
        1
      ]
    },
    "Bip01": {
      "name": "Bip01",
      "matrix": [
        0.027189928293227927, -0.0000000000000005639609909376691,
        2.5398545086383826,
        0,
        2.539854508638382,
        0.000000000000000006037376885809726, -0.02718992829322793,
        0,
        0,
        2.5400000000000005,
        0.0000000000000005639932965095795,
        0, -0.04941316604614257,
        86.34248168945312, -0.00000000000000000018269275491133848,
        1
      ],
      "children": [
        "Bip01-Pelvis"
      ]
    },
    "Bip01-Spine2": {
      "name": "Bip01-Spine2",
      "matrix": [
        0.9849908947944641,
        0.17256030440330508,
        0.003961708862334491,
        0, -0.17260386243261455,
        0.9848300732887113,
        0.017834644772624513,
        0, -0.0008240580989631087, -0.018250764548439456,
        0.9998329882317394,
        0,
        7.320869445800781, -0.005269885063171387, -0.00009435415267944336,
        1
      ],
      "children": [
        "Bip01-Neck"
      ],
      "jointName": "Bip01-Spine2"
    },
    "Bip01-Neck": {
      "name": "Bip01-Neck",
      "matrix": [
        0.9316657185554503,
        0.36331713199615473,
        0.0000009480863809585572,
        0, -0.3633171723471923,
        0.9316658220292441, -0.00000013038516044615963,
        0, -0.000000930670522299554, -0.00000022298060275196302,
        1.0000001192092327,
        0,
        7.135280609130859, -1.8605155944824219, -0.000002294778823852539,
        1
      ],
      "children": [
        "Bip01-Head",
        "Bip01-L-Clavicle",
        "Bip01-R-Clavicle"
      ],
      "jointName": "Bip01-Neck"
    },
    "Bip01-Head": {
      "name": "Bip01-Head",
      "matrix": [
        0.9636616706848145, -0.2277733087539673,
        0.1395554691553116,
        0,
        0.11442225938599834,
        0.8240475639005977,
        0.5548452885832026,
        0, -0.24137926514472402, -0.5187148287966903,
        0.8201652988310086,
        0,
        2.4464454650878906,
        0.0000057220458984375, -0.0000008046627044677734,
        1
      ],
      "children": [
        "Bip01-HeadNub",
        "Bone11"
      ],
      "jointName": "Bip01-Head"
    },
    "Bip01-HeadNub": {
      "name": "Bip01-HeadNub",
      "matrix": [
        1,
        0,
        0,
        0,
        0,
        1, -0.00000044144690036773766,
        0,
        0,
        0.0000004414468740554527,
        0.9999999403953569,
        0,
        9.01959228515625, -0.0000019073486328125,
        0.00000095367431640625,
        1
      ]
    },
    "Bone11": {
      "name": "Bone11",
      "matrix": [
        0.2305772602558137,
        0.9730540513992311,
        0.0004669250920414924,
        0,
        0.9730541246078714, -0.2305769942295691, -0.0005905404686929817,
        0, -0.0004669655509017417,
        0.0005905085136278821, -0.999999940395334,
        0,
        3.9594497680664062,
        1.7774162292480469,
        0.0000002384185791015625,
        1
      ],
      "jointName": "Bone11"
    },
    "Bip01-L-Clavicle": {
      "name": "Bip01-L-Clavicle",
      "matrix": [-0.17350822687149087, -0.13626095652580275,
        0.9753603935241701,
        0, -0.3573382776072604, -0.9141780310511445, -0.19128099226250664,
        0,
        0.9177169274276142, -0.3817223258561269,
        0.10992612403719751,
        0, -2.3361854553222656,
        1.061370849609375,
        1.1274287700653076,
        1
      ],
      "children": [
        "Bip01-L-UpperArm",
        "Bip01-LUpArmTwist"
      ],
      "jointName": "Bip01-L-Clavicle"
    },
    "Bip01-L-UpperArm": {
      "name": "Bip01-L-UpperArm",
      "matrix": [
        0.6085906028747557,
        0.01145434379577636, -0.793402135372162,
        0, -0.1322273951638689,
        0.9873788068066115, -0.08717215488343624,
        0,
        0.782389816896438,
        0.15796162430955432,
        0.6024239358459184,
        0,
        6.956833839416504,
        0.00001811981201171875, -0.000003814697265625,
        1
      ],
      "children": [
        "Bip01-L-Forearm"
      ]
    },
    "Bip01-L-Forearm": {
      "name": "Bip01-L-Forearm",
      "matrix": [
        0.8862305879592894, -0.4632441997528076,
        0.000000029802322387695312,
        0,
        0.46324419975280723,
        0.8862305879592897,
        0.000000014901161193847726,
        0, -0.0000000333146074225165,
        0.0000000005998881614499761,
        0.9999998807907152,
        0,
        10.592073440551758,
        0.00002765655517578125,
        0.000011444091796875,
        1
      ],
      "children": [
        "Bip01-L-Hand"
      ],
      "jointName": "Bip01-L-Forearm"
    },
    "Bip01-L-Hand": {
      "name": "Bip01-L-Hand",
      "matrix": [
        0.9833734631538391, -0.17917948961257937, -0.02951833605766295,
        0,
        0.0036463133923457366,
        0.18200086338653831, -0.9832916708304289,
        0,
        0.18155799907391829,
        0.9668349654767059,
        0.17962810127680304,
        0,
        9.287904739379883,
        0.00002193450927734375,
        0.0000152587890625,
        1
      ],
      "children": [
        "Bip01-L-Finger0",
        "Bip01-L-Finger1",
        "Bip01-L-Finger2",
        "Bip01-L-Finger3",
        "Bip01-L-Finger4"
      ],
      "jointName": "Bip01-L-Hand"
    },
    "Bip01-L-Finger0": {
      "name": "Bip01-L-Finger0",
      "matrix": [
        0.791225552558899,
        0.5057058334350586, -0.3438369035720825,
        0,
        0.2934267623751762,
        0.17935041775821783,
        0.9390071319599559,
        0,
        0.5365286433789012, -0.8438573340456413, -0.006480991625795525,
        0,
        1.685750961303711,
        1.1524734497070312, -2.303133964538574,
        1
      ],
      "children": [
        "Bip01-L-Finger01"
      ],
      "jointName": "Bip01-L-Finger0"
    },
    "Bone02": {
      "name": "Bone02",
      "matrix": [
        0.9866734147071837,
        0.15813744068145758, -0.03831113874912261,
        0, -0.15663229482567934,
        0.9868643752868825,
        0.03955208505861395,
        0,
        0.04406257722044217, -0.03302423951745857,
        0.9984825838680232,
        0,
        2.8457069396972656,
        0.0000286102294921875,
        0.00002849102020263672,
        1
      ],
      "children": [
        "Bone03"
      ],
      "jointName": "Bone02"
    },
    "Bone03": {
      "name": "Bone03",
      "matrix": [
        0.9923545122146605,
        0.11686739325523376, -0.03967387601733208,
        0, -0.11681652923697844,
        0.9931466569385276,
        0.003605673086284326,
        0,
        0.039823376357439176,
        0.0010564588966868128,
        0.9992059459969622,
        0,
        9.341007232666016,
        0.0000133514404296875,
        0.0000979304313659668,
        1
      ],
      "children": [
        "Bone07"
      ],
      "jointName": "Bone03"
    },
    "Bone07": {
      "name": "Bone07",
      "matrix": [
        0.9894864559173583,
        0.13407689332962036, -0.05422183126211167,
        0, -0.13387607118041212,
        0.9909710943407206,
        0.007335910553982701,
        0,
        0.05471583858584123,
        0.00000022160657152358795,
        0.9985020730017745,
        0,
        9.64132308959961,
        0.0000133514404296875,
        0.00010120868682861328,
        1
      ],
      "jointName": "Bone07"
    },
    "Bone17": {
      "name": "Bone17",
      "matrix": [-0.7955719828605657, -0.19547359645366658,
        0.5734594464302063,
        0,
        0.5340458633768155,
        0.22073135499880006,
        0.8161328254165278,
        0, -0.28611284347085875,
        0.9555458692014954, -0.07121580231514263,
        0, -1.0284881591796875, -3.4485912322998047,
        5.991357803344727,
        1
      ],
      "children": [
        "Bone18"
      ],
      "jointName": "Bone17"
    },
    "Bone18": {
      "name": "Bone18",
      "matrix": [
        0.9995585680007933,
        0.029069483280181885, -0.006103500723838805,
        0, -0.029134605439461003,
        0.9995164852651397, -0.01086536049641241,
        0,
        0.005784700332683335,
        0.011038389471142834,
        0.9999223945669793,
        0,
        6.447797775268555, -0.00000762939453125,
        0.0000057220458984375,
        1
      ],
      "jointName": "Bone18"
    },
    "K_ChangLeBangGaoShou001": {
      "name": "K_ChangLeBangGaoShou001",
      "matrix": [
        2.54,
        0,
        0,
        0,
        0,
        0.0000000000000005639932965095795, -2.5400000000000005,
        0,
        0,
        2.5400000000000005,
        0.0000000000000005639932965095795,
        0,
        0,
        0,
        0,
        1
      ],
      "skin": "skin_K_ChangLeBangGaoShou001",
      "meshes": [
        "mesh_M_ChangLeBangGaoShou001_a_MI_4",
        "mesh_M_ChangLeBangGaoShou001_b_MI_5",
        "mesh_M_ChangLeBangGaoShou001_c_MI_6",
        "mesh_M_ChangLeBangGaoShou001_wq_MI_7"
      ]
    },
    "Bip01-L-Calf": {
      "name": "Bip01-L-Calf",
      "matrix": [
        0.8145830631256102, -0.5800469517707826, -0.00000005960464477539063,
        0,
        0.5800470281510043,
        0.8145831703893752,
        0.0000002533197402954043,
        0, -0.00000009838438646978055, -0.0000002409234273933411,
        0.9999999999999766,
        0,
        18.57884979248047, -0.00000476837158203125,
        0.0000209808349609375,
        1
      ],
      "children": [
        "Bip01-L-Foot"
      ],
      "jointName": "Bip01-L-Calf"
    },
    "Bip01-L-Foot": {
      "name": "Bip01-L-Foot",
      "matrix": [
        0.8308789134025573,
        0.47704941034317017,
        0.2864680886268616,
        0, -0.49782655476546556,
        0.8672764932343621, -0.00034961246802825744,
        0, -0.24861383463464104, -0.14232094335996767,
        0.9580896643776959,
        0,
        14.034374237060547, -0.0000040531158447265625,
        0.00000762939453125,
        1
      ],
      "children": [
        "Bip01-L-Toe0"
      ],
      "jointName": "Bip01-L-Foot"
    },
    "Bip01-L-Toe0": {
      "name": "Bip01-L-Toe0",
      "matrix": [
        0.006999491248279813,
        0.9996474981307982, -0.025611953809857358,
        0, -0.9979807137572924,
        0.005366281517538221, -0.06328948547454402,
        0, -0.06312974911989201,
        0.02600323601795638,
        0.9976667103135884,
        0,
        4.82071590423584,
        6.6672492027282715,
        0.000003814697265625,
        1
      ],
      "children": [
        "Bip01-L-Toe0Nub"
      ],
      "jointName": "Bip01-L-Toe0"
    },
    "Bip01-L-Toe0Nub": {
      "name": "Bip01-L-Toe0Nub",
      "matrix": [-1.0000001192092898, -0.00000008608913066205426, -0.0000004743997124023736,
        0,
        0.0000000860885486855045, -1.0000000000000004,
        0.0000012051314115523652,
        0, -0.00000047439975959820213,
        0.000001205131370711914,
        0.9999999999999466,
        0,
        2.81728458404541, -0.0000012516975402832031,
        0.000003814697265625,
        1
      ]
    },
    "Bip01-R-Thigh": {
      "name": "Bip01-R-Thigh",
      "matrix": [-0.8176318407058715,
        0.5050318837165833, -0.27644410729408264,
        0,
        0.5283333235835509,
        0.8489565741863777, -0.011691368807177313,
        0,
        0.2287845450815428, -0.15561388082444338, -0.9609591706821675,
        0, -3.1835784912109375,
        1.5971565246582031, -3.76348614692688,
        1
      ],
      "children": [
        "Bip01-R-Calf"
      ],
      "jointName": "Bip01-R-Thigh"
    },
    "Bip01-R-Calf": {
      "name": "Bip01-R-Calf",
      "matrix": [
        0.829671084880829, -0.558251976966858,
        0.0000002235174179077149,
        0,
        0.5582520873941835,
        0.8296712489973561,
        0.00000007543712854385273,
        0, -0.00000022755897063673923,
        0.0000000621910797494088,
        0.9999998807906963,
        0,
        18.57884407043457,
        0.0000019073486328125, -0.00000762939453125,
        1
      ],
      "children": [
        "Bip01-R-Foot"
      ],
      "jointName": "Bip01-R-Calf"
    },
    "Bip01-R-Foot": {
      "name": "Bip01-R-Foot",
      "matrix": [
        0.9857610464096069, -0.0006875135004520402, -0.16815006732940674,
        0, -0.031392821370887794,
        0.9816573860887154, -0.18805061248132324,
        0,
        0.16519510601737586,
        0.19065174640843566,
        0.9676583988583284,
        0,
        14.034374237060547,
        0.000003814697265625, -0.00000858306884765625,
        1
      ],
      "children": [
        "Bip01-R-Toe0"
      ],
      "jointName": "Bip01-R-Foot"
    },
    "Bip01-R-Toe0": {
      "name": "Bip01-R-Toe0",
      "matrix": [-0.000000003725289965394914,
        1.000000119209289, -0.00000001629814505577087,
        0, -0.9999999403953551, -0.0000000037252891882389424,
        0.000000003725290298461922,
        0,
        0.0000000037252900157020164,
        0.00000001629814118386857,
        0.9999998807907127,
        0,
        4.820714473724365,
        6.667262077331543, -0.00000476837158203125,
        1
      ],
      "children": [
        "Bip01-R-Toe0Nub"
      ],
      "jointName": "Bip01-R-Toe0"
    },
    "Bip01-R-Toe0Nub": {
      "name": "Bip01-R-Toe0Nub",
      "matrix": [
        1.0000002384185789, -0.000000003725290298461914, -0.000000016763806343078613,
        0,
        0.0000000037252768578276267,
        0.9999999999999999, -0.0000007487833499908346,
        0,
        0.000000016763807134112436,
        0.0000007487834391903059,
        1.000000119209276,
        0,
        2.8172807693481445,
        0.0000009834766387939453, -0.00000095367431640625,
        1
      ]
    },
    "Bone04": {
      "name": "Bone04",
      "matrix": [-0.756884455680847,
        0.6323455572128291, -0.16512119770050046,
        0,
        0.6334325840357372,
        0.7719899872906275,
        0.052865181570740556,
        0,
        0.1609009609803053, -0.06458030753048324, -0.984855421866589,
        0,
        2.7064476013183594,
        5.073134422302246, -0.00001233816146850586,
        1
      ],
      "children": [
        "Bone05"
      ],
      "jointName": "Bone04"
    },
    "Bip01-R-Finger3Nub": {
      "name": "Bip01-R-Finger3Nub",
      "matrix": [-0.999999940395355, -0.0006903670728208057, -0.000000881962478160858,
        0,
        0.0006903669902907243, -0.9999998212118415,
        0.00000028312206268311807,
        0, -0.0000008821576736453461,
        0.00000028251313440579733,
        1.0000001192093344,
        0,
        1.105189323425293,
        0.00000762939453125,
        0.00000667572021484375,
        1
      ]
    },
    "Bip01-R-Finger4": {
      "name": "Bip01-R-Finger4",
      "matrix": [
        0.4816000163555145,
        0.8760608434677124, -0.0240546762943268,
        0, -0.8027744145920004,
        0.4519908338105207,
        0.3889181378271065,
        0,
        0.35158854875304, -0.16799255240368174,
        0.9209582953330864,
        0,
        3.528177261352539,
        0.32238006591796875, -1.7764968872070312,
        1
      ],
      "children": [
        "Bip01-R-Finger41"
      ],
      "jointName": "Bip01-R-Finger4"
    },
    "Bip01-R-Finger41": {
      "name": "Bip01-R-Finger41",
      "matrix": [
        0.6805815696716309,
        0.7326720952987671,
        0.0000001788139343261719,
        0, -0.7326720610276596,
        0.6805815378370849, -0.0000000037252902984618975,
        0, -0.0000001244269252654823, -0.00000012847665800782325,
        0.9999999999999984,
        0,
        1.4410400390625,
        0,
        0,
        1
      ],
      "children": [
        "Bip01-R-Finger42"
      ],
      "jointName": "Bip01-R-Finger41"
    },
    "Bip01-R-Finger42": {
      "name": "Bip01-R-Finger42",
      "matrix": [
        0.48522639274597135,
        0.8743884563446047,
        0.000000044703483581542975,
        0, -0.8743885601311226,
        0.4852264503404628, -0.00000001490116119384766,
        0, -0.000000034720722090836694, -0.000000031857783545535626,
        1.0000001192092896,
        0,
        0.9404754638671875, -0.00000762939453125, -0.0000057220458984375,
        1
      ],
      "children": [
        "Bip01-R-Finger4Nub"
      ],
      "jointName": "Bip01-R-Finger42"
    },
    "Bip01-R-Finger4Nub": {
      "name": "Bip01-R-Finger4Nub",
      "matrix": [-0.9999996423721313, -0.000690400600433275, -0.0000009499490261077881,
        0,
        0.0006904007650375857, -0.9999998807905968,
        0.00000000000000000000000005169879444277939,
        0, -0.0000009499490262824916, -0.0000000006558456126751058,
        1.0000001192091992,
        0,
        0.9055938720703125,
        0.000003814697265625,
        0.000003814697265625,
        1
      ]
    },
    "Bone14": {
      "name": "Bone14",
      "matrix": [
        0.32439795136451716, -0.0030608177185058975,
        0.9459157586097718,
        0, -0.2219197150516762,
        0.9718388973309983,
        0.07925116160113699,
        0, -0.9195202310878856, -0.23562625212048233,
        0.3145832675766439,
        0,
        0.769134521484375,
        1.5118064880371094, -6.213235855102539,
        1
      ],
      "children": [
        "dg01"
      ],
      "jointName": "Bone14"
    },
    "dg01": {
      "name": "dg01",
      "matrix": [
        0.9999999403953552,
        0.00000002980232238769532,
        0.00000005960464477539061,
        0, -0.00000002980227886695016,
        0.9999998807907104, -0.0000007003545761108465,
        0, -0.00000005960466920030163,
        0.0000007003546578232794,
        1.0000000000000095,
        0,
        45.62894058227539, -0.00000762939453125, -0.000027179718017578125,
        1
      ]
    },
    "Bip01-RUpArmTwist": {
      "name": "Bip01-RUpArmTwist",
      "matrix": [
        0.8762072324752809,
        0.059986278414726264,
        0.47818678617477417,
        0,
        0.02967929147732477,
        0.9836236229358607, -0.17777390092254855,
        0, -0.48101983758859984,
        0.16995903115598338,
        0.8600778247914129,
        0,
        6.95683479309082,
        0.00000667572021484375,
        0.0000152587890625,
        1
      ],
      "children": [
        "Bip01-RUpArmTwist1"
      ],
      "jointName": "Bip01-RUpArmTwist"
    },
    "Bip01-RUpArmTwist1": {
      "name": "Bip01-RUpArmTwist1",
      "matrix": [
        0.9999998807907104,
        0.0000007450580596923828,
        0.000000029802322387695312,
        0, -0.0000007094509843782885,
        0.9383852481842315,
        0.3455907702446147,
        0,
        0.00000022951915639649519, -0.34559077024444745,
        0.9383852481842486,
        0,
        5.296030044555664,
        0.00000762939453125, -0.000003814697265625,
        1
      ],
      "jointName": "Bip01-RUpArmTwist1"
    },
    "Bip01-L-Thigh": {
      "name": "Bip01-L-Thigh",
      "matrix": [-0.9462871551513675, -0.2109124958515167,
        0.24506595730781558,
        0,
        0.1085547087636435,
        0.5067057469038933,
        0.8552575093601388,
        0, -0.3045607868990254,
        0.8359221549602803, -0.4565935383042329,
        0, -3.1316604614257812, -1.4532603025436401,
        3.7562906742095947,
        1
      ],
      "children": [
        "Bip01-L-Calf"
      ],
      "jointName": "Bip01-L-Thigh"
    },
    "Bip01-L-Finger2Nub": {
      "name": "Bip01-L-Finger2Nub",
      "matrix": [
        1, -0.000000298023223876953, -0.000002622604370117187,
        0,
        0.00000029802552603541217,
        1.0000001192092736,
        0.0000008642673492431751,
        0,
        0.0000026226044251840496, -0.0000008642681308461703,
        1.0000001192093024,
        0,
        1.3300132751464844,
        0.000003814697265625, -0.000004291534423828125,
        1
      ]
    },
    "Bip01-L-Finger3": {
      "name": "Bip01-L-Finger3",
      "matrix": [
        0.027004837989806983,
        0.9921608567237855, -0.12201352417469025,
        0, -0.9873034957228642,
        0.00735929972489291, -0.1586739007809532,
        0, -0.15653211130332154,
        0.12474935153798238,
        0.9797626943432731,
        0,
        3.8492584228515625,
        0.159698486328125,
        0.8913307189941406,
        1
      ],
      "children": [
        "Bip01-L-Finger31"
      ],
      "jointName": "Bip01-L-Finger3"
    },
    "Bip01-L-Finger31": {
      "name": "Bip01-L-Finger31",
      "matrix": [
        0.5153222084045409,
        0.8569966554641724,
        0.00000001490116119384765,
        0, -0.8569965241355173,
        0.515322129435072, -0.00000011920928955078265,
        0, -0.00000010984085037954069,
        0.00000004866094649363921,
        1.0000000000000115,
        0,
        1.8866233825683594, -0.0000019073486328125,
        0.00000286102294921875,
        1
      ],
      "children": [
        "Bip01-L-Finger32"
      ],
      "jointName": "Bip01-L-Finger31"
    },
    "Bip01-L-Finger32": {
      "name": "Bip01-L-Finger32",
      "matrix": [
        0.675824999809265,
        0.7370618581771853,
        0.00000008940696716308594,
        0, -0.7370618905580213,
        0.6758250294998385, -0.00000011920928955078011,
        0, -0.00000014828813753986257,
        0.000000014666154870966306,
        0.9999999999999905,
        0,
        1.1788053512573242,
        0.000003814697265625, -0.00000476837158203125,
        1
      ],
      "children": [
        "Bip01-L-Finger3Nub"
      ],
      "jointName": "Bip01-L-Finger32"
    },
    "Bip01-L-Finger3Nub": {
      "name": "Bip01-L-Finger3Nub",
      "matrix": [
        0.9999998807907104, -0.0000006854534149169922, -0.000002548098564147949,
        0,
        0.0000006854550315129453,
        0.9999999403953761,
        0.0000006183981895447904,
        0,
        0.000002548098292142543, -0.0000006183999361517894,
        0.9999999403955375,
        0,
        1.1051864624023438, -0.000003814697265625, -0.000004291534423828125,
        1
      ]
    },
    "Bip01-L-Finger4": {
      "name": "Bip01-L-Finger4",
      "matrix": [
        0.023617893457412793,
        0.9850459098815918, -0.1706664860248565,
        0, -0.9358568116470588, -0.038253310961230226, -0.35029861669475987,
        0, -0.35158864366818715,
        0.16799264479699355,
        0.9209581106485444,
        0,
        3.5281734466552734,
        0.32239532470703125,
        1.7764997482299805,
        1
      ],
      "children": [
        "Bip01-L-Finger41"
      ],
      "jointName": "Bip01-L-Finger4"
    },
    "Bip01-L-Finger41": {
      "name": "Bip01-L-Finger41",
      "matrix": [
        0.6758250594139097,
        0.73706191778183,
        0.00000005401670932769774,
        0, -0.7370620446149251,
        0.6758251757094088,
        0.00000000745058059692383,
        0, -0.000000031014312438030525, -0.00000004484895470033246,
        0.9999999403953554,
        0,
        1.4410476684570312,
        0.000003814697265625, -0.000001430511474609375,
        1
      ],
      "children": [
        "Bip01-L-Finger42"
      ],
      "jointName": "Bip01-L-Finger41"
    },
    "Bip01-L-Finger42": {
      "name": "Bip01-L-Finger42",
      "matrix": [
        0.6758251190185547,
        0.7370620965957642,
        0,
        0, -0.7370619994532285,
        0.6758250299468658, -0.00000002980232238769538,
        0, -0.00000002196616104637957,
        0.000000020141156996290358,
        0.9999999403953572,
        0,
        0.9404668807983398, -0.000003814697265625,
        0.0000019073486328125,
        1
      ],
      "children": [
        "Bip01-L-Finger4Nub"
      ],
      "jointName": "Bip01-L-Finger42"
    },
    "Bip01-L-Finger4Nub": {
      "name": "Bip01-L-Finger4Nub",
      "matrix": [
        1, -0.00000044703483581542963, -0.0000026598572731018062,
        0,
        0.00000044703632212650385,
        1,
        0.0000005587935447693521,
        0,
        0.0000026598570233014046, -0.0000005587947338221184,
        1.0000000000001168,
        0,
        0.9055862426757812,
        0, -0.00000476837158203125,
        1
      ]
    },
    "Bip01-LUpArmTwist": {
      "name": "Bip01-LUpArmTwist",
      "matrix": [
        0.6085904836654661,
        0.011454328894615177, -0.7934020161628722,
        0, -0.19574947837248977,
        0.9711590300922756, -0.13613186326734986,
        0,
        0.7689603598449964,
        0.23815662648722513,
        0.5932804203376577,
        0,
        6.956833839416504,
        0.00001811981201171875, -0.000003814697265625,
        1
      ],
      "children": [
        "Bip01-LUpArmTwist1"
      ],
      "jointName": "Bip01-LUpArmTwist"
    },
    "Bip01-LUpArmTwist1": {
      "name": "Bip01-LUpArmTwist1",
      "matrix": [
        1.0000001192092896,
        0.0000025220215320587154,
        0.0000011026859283447266,
        0, -0.0000025650229390218042,
        0.9991629719737,
        0.04091166331526207,
        0, -0.0000009985826747034415, -0.04091166086886737,
        0.9991629121641447,
        0,
        5.2960357666015625,
        0.000012636184692382812,
        0.000019073486328125,
        1
      ],
      "jointName": "Bip01-LUpArmTwist1"
    },
    "Bip01-R-Clavicle": {
      "name": "Bip01-R-Clavicle",
      "matrix": [-0.14954045414924563, -0.013769231736659972, -0.9886599779129029,
        0, -0.3632187308735306, -0.9292282781128002,
        0.06788041891774159,
        0, -0.919625068160594,
        0.36925052971444594,
        0.13395591728798653,
        0, -2.3361854553222656,
        1.061380386352539, -1.1274290084838867,
        1
      ],
      "children": [
        "Bip01-R-UpperArm",
        "Bip01-RUpArmTwist"
      ],
      "jointName": "Bip01-R-Clavicle"
    },
    "Bip01-R-UpperArm": {
      "name": "Bip01-R-UpperArm",
      "matrix": [
        0.8762072324752807,
        0.05998619645833966,
        0.4781866967678069,
        0, -0.28939670097674147,
        0.8589042904839111,
        0.4225317900061473,
        0, -0.38537051798628463, -0.5086110462800053,
        0.76993793360198,
        0,
        6.95683479309082,
        0.00000667572021484375,
        0.0000152587890625,
        1
      ],
      "children": [
        "Bip01-R-Forearm"
      ]
    },
    "Bip01-R-Forearm": {
      "name": "Bip01-R-Forearm",
      "matrix": [
        0.999070405960083, -0.04310973733663559,
        0.00000008940696716308594,
        0,
        0.043109734589477984,
        0.9990703422945936,
        0.000000014901161193847663,
        0, -0.0000000899662288728734, -0.000000011032997856592979,
        1.0000000000000002,
        0,
        10.59207534790039,
        0.0000057220458984375,
        0,
        1
      ],
      "children": [
        "Bip01-R-Hand"
      ],
      "jointName": "Bip01-R-Forearm"
    },
    "Bip01-R-Hand": {
      "name": "Bip01-R-Hand",
      "matrix": [
        0.5474743247032166,
        0.6273215413093567, -0.553840696811676,
        0,
        0.30252435205681355,
        0.46870442648779,
        0.8299366609162663,
        0,
        0.7802249448044715, -0.621919480968875,
        0.06682361483144561,
        0,
        9.287912368774414,
        0.00000667572021484375, -0.00000762939453125,
        1
      ],
      "children": [
        "Bip01-R-Finger0",
        "Bip01-R-Finger1",
        "Bip01-R-Finger2",
        "Bip01-R-Finger3",
        "Bip01-R-Finger4",
        "Bone14"
      ],
      "jointName": "Bip01-R-Hand"
    },
    "Bip01-R-Finger0": {
      "name": "Bip01-R-Finger0",
      "matrix": [
        0.508602499961853,
        0.5625860691070558,
        0.6517823934555055,
        0,
        0.6739218986318263,
        0.21102402004091597, -0.7080239370974606,
        0, -0.535866232731577,
        0.7993533042016011, -0.27181177246419347,
        0,
        1.685739517211914,
        1.1524581909179688,
        2.3031368255615234,
        1
      ],
      "children": [
        "Bip01-R-Finger01"
      ],
      "jointName": "Bip01-R-Finger0"
    },
    "Bip01-R-Finger01": {
      "name": "Bip01-R-Finger01",
      "matrix": [
        0.7210706472396852,
        0.6928613185882567, -0.00000002980232238769531,
        0, -0.6928612888096546,
        0.7210706162486618, -0.00000017881393432616965,
        0, -0.00000010240370378946005,
        0.00000014958639055989702,
        0.999999880790698,
        0,
        1.2276744842529297,
        0.00000035762786865234375,
        0,
        1
      ],
      "children": [
        "Bip01-R-Finger02"
      ],
      "jointName": "Bip01-R-Finger01"
    },
    "Bip01-R-Finger02": {
      "name": "Bip01-R-Finger02",
      "matrix": [
        0.8055033683776855,
        0.5925912857055663,
        0.000000007450580596923835,
        0, -0.592591166009808,
        0.8055032056764447,
        0.00000014901161193847516,
        0,
        0.00000008230152385419361, -0.00000012444451523833883,
        0.9999999999999907,
        0,
        0.9520978927612305, -0.00000476837158203125, -0.000011444091796875,
        1
      ],
      "children": [
        "Bip01-R-Finger0Nub"
      ],
      "jointName": "Bip01-R-Finger02"
    },
    "Bip01-R-Finger0Nub": {
      "name": "Bip01-R-Finger0Nub",
      "matrix": [-0.9999997019767762, -0.0006904304027552212, -0.0000004321336746215821,
        0,
        0.0006904304027068281, -0.9999997019253379,
        0.000000029802322387694793,
        0, -0.00000043215417384371296,
        0.000000029503958801798463,
        0.9999999999999823,
        0,
        0.8882243633270264, -0.0000019073486328125, -0.000003814697265625,
        1
      ]
    },
    "Bip01-R-Finger1": {
      "name": "Bip01-R-Finger1",
      "matrix": [
        0.5678205490112306,
        0.8229864835739135,
        0.016521751880645745,
        0, -0.809748828755891,
        0.5620694685061193, -0.1684779510579276,
        0, -0.14794148909401367,
        0.0822867958440748,
        0.9855672037840673,
        0,
        3.7706375122070312, -0.17339324951171875,
        1.3427448272705078,
        1
      ],
      "children": [
        "Bip01-R-Finger11"
      ],
      "jointName": "Bip01-R-Finger1"
    },
    "Bip01-R-Finger11": {
      "name": "Bip01-R-Finger11",
      "matrix": [
        0.6686076521873475,
        0.7436152696609496, -0.00000011920928955078125,
        0, -0.7436154311324354,
        0.66860779737139,
        0,
        0,
        0.00000007970426371918333,
        0.00000008864587081043516,
        1.0000001192092882,
        0,
        1.7271080017089844,
        0, -0.0000057220458984375,
        1
      ],
      "children": [
        "Bip01-R-Finger12"
      ],
      "jointName": "Bip01-R-Finger11"
    },
    "Bip01-R-Finger12": {
      "name": "Bip01-R-Finger12",
      "matrix": [
        0.7910558581352235,
        0.6117441654205321,
        0.00000004470348358154296,
        0, -0.6117440631205467,
        0.7910557258495273,
        0,
        0, -0.00000003536293793214741, -0.00000002734708393806197,
        0.9999998807907112,
        0,
        1.0268211364746094, -0.0000019073486328125, -0.0000019073486328125,
        1
      ],
      "children": [
        "Bip01-R-Finger1Nub"
      ],
      "jointName": "Bip01-R-Finger12"
    },
    "Bip01-R-Finger1Nub": {
      "name": "Bip01-R-Finger1Nub",
      "matrix": [-0.9999998807907106, -0.0006903111934661342, -0.0000007748603820800783,
        0,
        0.0006903111526028189, -0.9999998212272415, -0.000000327825546264641,
        0, -0.0000007746339882902124, -0.00000032836042160753486,
        1.0000002384185565,
        0,
        1.0072479248046875,
        0.0000019073486328125,
        0.00000476837158203125,
        1
      ]
    },
    "Bip01-R-Finger2": {
      "name": "Bip01-R-Finger2",
      "matrix": [
        0.5891979336738585,
        0.8079882264137269,
        0.0007958412170410092,
        0, -0.8059343077909505,
        0.5876294182655603,
        0.07184520373546074,
        0,
        0.05758243012703643, -0.04297244960628718,
        0.9974156631637947,
        0,
        3.9104557037353516, -0.019870758056640625,
        0.2563133239746094,
        1
      ],
      "children": [
        "Bip01-R-Finger21"
      ],
      "jointName": "Bip01-R-Finger2"
    },
    "Bip01-R-Finger21": {
      "name": "Bip01-R-Finger21",
      "matrix": [
        0.6123410463333131,
        0.7905935049057008, -0.00000011920928955078124,
        0, -0.790593484450121,
        0.6123410304897908,
        0.0000000447034835815431,
        0,
        0.00000010833906401796584,
        0.0000000668723350282957,
        1.0000000000000024,
        0,
        2.277271270751953, -0.000003814697265625,
        0.0000019073486328125,
        1
      ],
      "children": [
        "Bip01-R-Finger22"
      ],
      "jointName": "Bip01-R-Finger21"
    },
    "Bip01-R-Finger22": {
      "name": "Bip01-R-Finger22",
      "matrix": [
        0.763588547706604,
        0.6457032561302185,
        0.00000005960464477539063,
        0, -0.6457031928168646,
        0.7635884728342036,
        0.00000001490116119384767,
        0, -0.000000035891684687473314, -0.00000004986525618235207,
        0.9999998807907118,
        0,
        1.1479759216308594,
        0.000003814697265625,
        0.00000286102294921875,
        1
      ],
      "children": [
        "Bip01-R-Finger2Nub"
      ],
      "jointName": "Bip01-R-Finger22"
    },
    "Bip01-R-Finger2Nub": {
      "name": "Bip01-R-Finger2Nub",
      "matrix": [-1,
        0.00000000000000012246467991473128, -0.0000007450580596923826,
        0,
        0.00000000000015530875877490486, -0.9999999403953663, -0.0000002086162567138648,
        0, -0.0000007450579708745323, -0.0000002086162442794772,
        0.999999880790699,
        0,
        1.3300018310546875,
        0.0000019073486328125,
        0,
        1
      ]
    },
    "Bip01-R-Finger3": {
      "name": "Bip01-R-Finger3",
      "matrix": [
        0.39230525493621854,
        0.9182349443435668,
        0.05423851311206817,
        0, -0.9064183555319257,
        0.3758759029206004,
        0.19267296700855543,
        0,
        0.15653206069832315, -0.12474936914574544,
        0.979762847604084,
        0,
        3.8492565155029297,
        0.15968704223632812, -0.8913240432739258,
        1
      ],
      "children": [
        "Bip01-R-Finger31"
      ],
      "jointName": "Bip01-R-Finger3"
    },
    "Bip01-R-Finger31": {
      "name": "Bip01-R-Finger31",
      "matrix": [
        0.5015463829040526,
        0.8651305437088012, -0.00000007450580596923828,
        0, -0.8651305437087993,
        0.5015463829040561,
        0.000000052154064178466605,
        0,
        0.00000008248821192224774,
        0.000000038299575719037725,
        0.9999998807907067,
        0,
        1.8866195678710938, -0.000011444091796875, -0.00000286102294921875,
        1
      ],
      "children": [
        "Bip01-R-Finger32"
      ],
      "jointName": "Bip01-R-Finger31"
    },
    "Bip01-R-Finger32": {
      "name": "Bip01-R-Finger32",
      "matrix": [
        0.5149599909782411,
        0.8572142124176024,
        0.00000016298145055770874,
        0, -0.8572141423078055,
        0.514959948860714,
        0.000000014901161193847663,
        0, -0.00000007115542550608045, -0.00000014738349213946845,
        0.9999998211860663,
        0,
        1.1788063049316406, -0.000003814697265625, -0.0000019073486328125,
        1
      ],
      "children": [
        "Bip01-R-Finger3Nub"
      ],
      "jointName": "Bip01-R-Finger32"
    },
    "Bone05": {
      "name": "Bone05",
      "matrix": [
        0.9975664615631102, -0.06803810596466064, -0.0152198001742363,
        0,
        0.06803757817890575,
        0.9976825626912854, -0.0005536079405061213,
        0,
        0.015222196865707907, -0.00048325766764943114,
        0.9998838898490782,
        0,
        5.460588455200195,
        0, -0.00000286102294921875,
        1
      ],
      "children": [
        "Bone06"
      ],
      "jointName": "Bone05"
    },
    "Bone06": {
      "name": "Bone06",
      "matrix": [
        0.9976221919059753, -0.031886339187622084, -0.06110110133886337,
        0,
        0.03200652795161626,
        0.9994872838368839,
        0.0009890496722496415,
        0,
        0.0610382408049261, -0.0029423322104205254,
        0.9981313339432151,
        0,
        6.382329940795898,
        0.0000019073486328125, -0.00000286102294921875,
        1
      ],
      "children": [
        "Bone08"
      ],
      "jointName": "Bone06"
    },
    "Bone08": {
      "name": "Bone08",
      "matrix": [
        0.9975203275680542, -0.06682655215263367, -0.022070907056331638,
        0,
        0.06682995258174511,
        0.9977643527775154, -0.0005851760506504241,
        0,
        0.022060667783758103, -0.0008912725932205268,
        0.9997561573767478,
        0,
        9.478670120239258,
        0.000011444091796875, -0.00000286102294921875,
        1
      ],
      "jointName": "Bone08"
    },
    "Bone15": {
      "name": "Bone15",
      "matrix": [-0.8757892847061158,
        0.25291395187377924,
        0.4111301600933076,
        0,
        0.3186917687503617, -0.33673715406990856,
        0.8860268497243874,
        0,
        0.36253130373415576,
        0.9069964978730524,
        0.21430916804586567,
        0, -1.4258460998535156,
        4.843076705932617,
        5.706904411315918,
        1
      ],
      "children": [
        "Bone16"
