{
    "asset": {
      "generator": "tmx:FBX2GLTF",
      "premultipliedAlpha": true,
      "profile": {
        "api": "WebGL",
        "version": "1.0.2"
      },
      "version": "1.0"
    },
    "scene": "test",
    "scenes": {
      "test": {
        "nodes": [
          "RootNode"
        ]
      }
    },
    "nodes": {
      "RootNode": {
        "name": "RootNode",
        "children": [
          "Sky001",
          "Bip01",
          "K_ChangLeBangGaoShou001"
        ]
      },
      "Sky001": {
        "name": "Sky001",
        "matrix": [
          2.54,
          0,
          0,
          0,
          0,
          2.5400000000000005,
          -0.00000000000000000000000000000012523166870383563,
          0,
          0,
          0.00000000000000000000000000000012523166870383563,
          2.5400000000000005,
          0,
          0,
          0,
          0,
          1
        ]
      },
      "Bip01": {
        "name": "Bip01",
        "matrix": [
          0.038723771125067946,
          2.539359141588211,
          0.04187675893305618,
          0,
          2.5377942952418424,
          -0.03706507020168014,
          -0.0991347159372593,
          0,
          -0.09849862016834633,
          0.04335176209759904,
          -2.5377192044122685,
          0,
          0.00000000000000002773147001424844,
          16.88011791229248,
          0.0000003586990868587317,
          1
        ],
        "children": [
          "Bip01-Pelvis"
        ]
      },
      "Bip01-Pelvis": {
        "name": "Bip01-Pelvis",
        "matrix": [
          -0.0015732105821365837,
          -0.015483017079530158,
          0.9998788237571714,
          0,
          0.9977799113268208,
          0.06654851015125066,
          0.0026004047417084388,
          0,
          -0.06658071184055135,
          0.9976631501828682,
          0.015343949435608437,
          0,
          -0.000000476837158203125,
          0,
          -0.000000014901161193847656,
          1
        ],
        "children": [
          "Bip01-Spine",
          "Bone04",
          "Bone15",
          "Bone09",
          "Bone12",
          "Bone01",
          "Bone17"
        ],
        "jointName": "Bip01-Pelvis"
      },
      "Bip01-Spine": {
        "name": "Bip01-Spine",
        "matrix": [
          0.9851506352424622,
          0.17074657976627353,
          -0.01798775047063828,
          0,
          -0.17133440671376785,
          0.9709384483046196,
          -0.16710151757322794,
          0,
          -0.011067014957615367,
          0.16770210020878287,
          0.9857754722293923,
          0,
          3.1588997840881348,
          0.0027151107788085938,
          0.049406975507736206,
          1
        ],
        "children": [
          "Bip01-Spine1",
          "Bip01-L-Thigh",
          "Bip01-R-Thigh"
        ],
        "jointName": "Bip01-Spine"
      },
      "Bip01-Spine1": {
        "name": "Bip01-Spine1",
        "matrix": [
          0.971747636795044,
          -0.2359413057565689,
          0.0061536063440144045,
          0,
          0.23539444988644195,
          0.9669369454598773,
          -0.09809449321288101,
          0,
          0.017194394388607474,
          0.0967716217754544,
          0.9951580173123783,
          0,
          7.107867240905762,
          -0.00563812255859375,
          0.0005717873573303223,
          1
        ],
        "children": [
          "Bip01-Spine2"
        ],
        "jointName": "Bip01-Spine1"
      },
      "Bone05": {
        "name": "Bone05",
        "matrix": [
          0.9992787241935729,
          -0.03479033708572388,
          -0.015229798853397368,
          0,
          0.03479365826507876,
          0.9993945386742306,
          -0.00004664808509660276,
          0,
          0.015222198056555515,
          -0.0004832858938064466,
          0.9998840089167698,
          0,
          5.460590839385986,
          0.00000095367431640625,
          -0.000002562999725341797,
          1
        ],
        "children": [
          "Bone06"
        ],
        "jointName": "Bone05"
      },
      "Bone06": {
        "name": "Bone06",
        "matrix": [
          0.9948963522911072,
          -0.0803171545267105,
          -0.06107710301876069,
          0,
          0.08034676683138271,
          0.9967647775917011,
          -0.001974642275535626,
          0,
          0.06103810947538531,
          -0.002942783686789936,
          0.9981309765329093,
          0,
          6.382327079772949,
          0.0000019073486328125,
          -0.0000032186508178710938,
          1
        ],
        "children": [
          "Bone08"
        ],
        "jointName": "Bone06"
      },
      "Bone08": {
        "name": "Bone08",
        "matrix": [
          0.977102279663086,
          -0.21165594458580017,
          -0.021749455481767658,
          0,
          0.21162372148132377,
          0.9773438587594532,
          -0.003798574210040613,
          0,
          0.022060682416164885,
          -0.0008911049814086801,
          0.9997560980113334,
          0,
          9.478677749633789,
          0.00000476837158203125,
          -0.000005364418029785156,
          1
        ],
        "jointName": "Bone08"
      },
      "Bone15": {
        "name": "Bone15",
        "matrix": [
          -0.9653216600418095,
          0.18573507666587885,
          0.18345740437507632,
          0,
          0.17334141067579933,
          -0.06945423388262993,
          0.9824095482896573,
          0,
          0.19520981997248307,
          0.9801420502203506,
          0.03485009859890996,
          0,
          -1.4258421659469604,
          4.84307861328125,
          5.70690393447876,
          1
        ],
        "children": [
          "Bone16"
        ],
        "jointName": "Bone15"
      },
      "Bone16": {
        "name": "Bone16",
        "matrix": [
          0.9999488592147826,
          0.008138112723827362,
          -0.005987033247947693,
          0,
          -0.008175422227164577,
          0.9999472491981711,
          -0.006233587864136412,
          0,
          0.005935986988328129,
          0.006282214753594553,
          0.9999625091717638,
          0,
          7.16756534576416,
          0.0001354217529296875,
          -0.0001277923583984375,
          1
        ],
        "jointName": "Bone16"
      },
      "Bone09": {
        "name": "Bone09",
        "matrix": [
          -0.9545958042144777,
          0.14214991033077176,
          -0.26180133223533636,
          0,
          -0.27085494650683156,
          -0.04824854995672543,
          0.9614101895018821,
          0,
          0.12403283752329365,
          0.9886683184798021,
          0.08455986967372106,
          0,
          0.2582666575908661,
          5.4380388259887695,
          -7.815104007720947,
          1
        ],
        "children": [
          "Bone10"
        ],
        "jointName": "Bone09"
      },
      "Bone10": {
        "name": "Bone10",
        "matrix": [
          0.996178388595581,
          -0.05302097275853158,
          0.06940725445747377,
          0,
          0.053227450837924566,
          0.9985817086615554,
          -0.0011275857728952146,
          0,
          -0.06924903704504057,
          0.00481764835853563,
          0.9975878037378063,
          0,
          7.204349994659424,
          0,
          0.00000286102294921875,
          1
        ],
        "jointName": "Bone10"
      },
      "Bone12": {
        "name": "Bone12",
        "matrix": [
          -0.9428197145462036,
          0.008232739754020989,
          -0.3332013487815858,
          0,
          -0.32867529971143317,
          0.1430452948516829,
          0.9335472622644528,
          0,
          0.05534854476184571,
          0.9896819581529638,
          -0.13216004476936727,
          0,
          -1.5165342092514038,
          -4.803738594055176,
          -6.1502861976623535,
          1
        ],
        "children": [
          "Bone13"
        ],
        "jointName": "Bone12"
      },
      "Bone13": {
        "name": "Bone13",
        "matrix": [
          0.9991473555564879,
          0.038047883659601205,
          0.016024041920900345,
          0,
          -0.03780672701146983,
          0.9991711965679009,
          -0.015093453229702252,
          0,
          -0.016585036778904546,
          0.01447476877400644,
          0.9997578264096566,
          0,
          6.511819362640381,
          0.000006198883056640625,
          -0.0000035762786865234375,
          1
        ],
        "jointName": "Bone13"
      },
      "Bone01": {
        "name": "Bone01",
        "matrix": [
          -0.9401169419288632,
          -0.3382995128631592,
          0.041640646755695336,
          0,
          -0.34050675827446164,
          0.937629327227373,
          -0.07004280372918784,
          0,
          -0.015348050569226751,
          -0.08002737596815969,
          -0.9966748334853832,
          0,
          2.9364230632781982,
          -4.94366455078125,
          0.000025212764739990234,
          1
        ],
        "children": [
          "Bone02"
        ],
        "jointName": "Bone01"
      },
      "Bone02": {
        "name": "Bone02",
        "matrix": [
          0.9473022818565369,
          0.3188120722770691,
          -0.031259436160326004,
          0,
          -0.3172960943735216,
          0.947242535817513,
          0.04533164198788605,
          0,
          0.04406255199836118,
          -0.03302427815926633,
          0.9984830608260815,
          0,
          2.8457095623016357,
          0.000028252601623535156,
          -0.000015407800674438477,
          1
        ],
        "children": [
          "Bone03"
        ],
        "jointName": "Bone02"
      },
      "Bone03": {
        "name": "Bone03",
        "matrix": [
          0.9950756430625917,
          0.09079838544130327,
          -0.03975479677319527,
          0,
          -0.0907683225063291,
          0.9958691000794563,
          0.0025647096369735725,
          0,
          0.039823431756265626,
          0.001056395767297422,
          0.9992063654735207,
          0,
          9.340997695922852,
          0.0000020265579223632812,
          -0.00004839897155761719,
          1
        ],
        "children": [
          "Bone07"
        ],
        "jointName": "Bone03"
      },
      "Bone07": {
        "name": "Bone07",
        "matrix": [
          0.9982052445411681,
          -0.024342127144336704,
          -0.05471502244472505,
          0,
          0.02430572222358292,
          0.9997038843395452,
          -0.0013308897645568213,
          0,
          0.05473120353147397,
          -0.0000013869937665006886,
          0.9985010647256543,
          0,
          9.641331672668457,
          0.0000023245811462402344,
          -0.00004839897155761719,
          1
        ],
        "jointName": "Bone07"
      },
      "Bone17": {
        "name": "Bone17",
        "matrix": [
          -0.9393138885498052,
          0.1453305184841157,
          0.31075385212898243,
          0,
          0.33360933937324216,
          0.17582943685692204,
          0.9261687365360978,
          0,
          0.07996092116370225,
          0.9736337066322426,
          -0.21364268585355328,
          0,
          -1.0284934043884277,
          -3.448589563369751,
          5.991360187530518,
          1
        ],
        "children": [
          "Bone18"
        ],
        "jointName": "Bone17"
      },
      "Bone18": {
        "name": "Bone18",
        "matrix": [
          0.9995588660240171,
          0.029069148004055016,
          -0.006102830171585083,
          0,
          -0.029134260085807398,
          0.9995166672503132,
          -0.010865457359112875,
          0,
          0.005784031108248099,
          0.011038466102726362,
          0.9999226930643961,
          0,
          6.447794437408447,
          -0.000003814697265625,
          0.000010132789611816406,
          1
        ],
        "jointName": "Bone18"
      },
      "K_ChangLeBangGaoShou001": {
        "name": "K_ChangLeBangGaoShou001",
        "matrix": [
          2.54,
          0,
          0,
          0,
          0,
          0.0000000000000005639932965095795,
          -2.5400000000000005,
          0,
          0,
          2.5400000000000005,
          0.0000000000000005639932965095795,
          0,
          0,
          0,
          0,
          1
        ],
        "skin": "skin_K_ChangLeBangGaoShou001",
        "meshes": [
          "mesh_M_ChangLeBangGaoShou001_a_MI_160",
          "mesh_M_ChangLeBangGaoShou001_b_MI_161",
          "mesh_M_ChangLeBangGaoShou001_c_MI_162",
          "mesh_M_ChangLeBangGaoShou001_wq_MI_163"
        ]
      },
      "Bip01-L-Finger2Nub": {
        "name": "Bip01-L-Finger2Nub",
        "matrix": [
          1.0000001192092893,
          -0.000004202127456665038,
          -0.0000007599592208862304,
          0,
          0.000004202127588556934,
          0.9999999403947402,
          0.000001162290573119975,
          0,
          0.0000007599542461856915,
          -0.0000011622938358233633,
          0.9999999999998778,
          0,
          1.3300080299377441,
          -0.00000858306884765625,
          0,
          1
        ]
      },
      "Bip01-L-Finger3": {
        "name": "Bip01-L-Finger3",
        "matrix": [
          0.9390431642532348,
          0.3262343406677246,
          0.108488492667675,
          0,
          -0.3060983875379781,
          0.9370214488838357,
          -0.16821116887999482,
          0,
          -0.15653226770945955,
          0.12474936640756493,
          0.9797631625737191,
          0,
          3.8492612838745117,
          0.15968656539916992,
          0.8913087844848633,
          1
        ],
        "children": [
          "Bip01-L-Finger31"
        ],
        "jointName": "Bip01-L-Finger3"
      },
      "Bip01-L-Finger31": {
        "name": "Bip01-L-Finger31",
        "matrix": [
          0.9999999999999999,
          0.000000029802322387695312,
          -0.000000014901161193847656,
          0,
          -0.0000000298023223876953,
          0.9999999999999996,
          0,
          0,
          0.00000001490116119384766,
          0.0000000000000004440892098500627,
          1.0000000000000009,
          0,
          1.8866252899169922,
          -0.00001049041748046875,
          -0.00000286102294921875,
          1
        ],
        "children": [
          "Bip01-L-Finger32"
        ],
        "jointName": "Bip01-L-Finger31"
      },
      "Bip01-L-Finger32": {
        "name": "Bip01-L-Finger32",
        "matrix": [
          0.9999999999999999,
          0.000000029802322387695312,
          -0.000000014901161193847656,
          0,
          -0.0000000298023223876953,
          0.9999999999999996,
          0,
          0,
          0.00000001490116119384766,
          0.0000000000000004440892098500627,
          1.0000000000000009,
          0,
          1.1788034439086914,
          -0.00000286102294921875,
          -0.00000476837158203125,
          1
        ],
        "children": [
          "Bip01-L-Finger3Nub"
        ],
        "jointName": "Bip01-L-Finger32"
      },
      "Bip01-L-Finger3Nub": {
        "name": "Bip01-L-Finger3Nub",
        "matrix": [
          0.9999999999999999,
          -0.000003993511199951172,
          -0.000001594424247741699,
          0,
          0.000003993511817679739,
          1.0000000000001195,
          0.00000038743019104000725,
          0,
          0.0000015944225104393357,
          -0.0000003874365121997892,
          0.9999998807906284,
          0,
          1.1051912307739258,
          -0.00000476837158203125,
          0.00000286102294921875,
          1
        ]
      },
      "Bip01-L-Finger4": {
        "name": "Bip01-L-Finger4",
        "matrix": [
          0.8764059543609619,
          0.4048902392387389,
          0.26072385907173146,
          0,
          -0.3290871756379153,
          0.8988005870799969,
          -0.28958463857757594,
          0,
          -0.3515886732322669,
          0.16799278588707084,
          0.9209581673626931,
          0,
          3.5281858444213867,
          0.32238054275512695,
          1.7764863967895508,
          1
        ],
        "children": [
          "Bip01-L-Finger41"
        ],
        "jointName": "Bip01-L-Finger4"
      },
      "Bip01-L-Finger41": {
        "name": "Bip01-L-Finger41",
        "matrix": [
          1,
          0.000000029802322387695312,
          -0.000000029802322387695312,
          0,
          -0.000000029802322387695312,
          1,
          0,
          0,
          0.000000029802322387695326,
          0.0000000000000008881784197001256,
          1.0000000000000013,
          0,
          1.4410457611083984,
          -0.00000667572021484375,
          -0.00000476837158203125,
          1
        ],
        "children": [
          "Bip01-L-Finger42"
        ],
        "jointName": "Bip01-L-Finger41"
      },
      "Bip01-L-Finger42": {
        "name": "Bip01-L-Finger42",
        "matrix": [
          0.9999999999999999,
          -0.00000011920928955078125,
          0.00000007450580596923828,
          0,
          0.00000011920929066100348,
          0.9999999999999932,
          -0.000000014901161193847643,
          0,
          -0.00000007450580419288032,
          0.000000014901170075631794,
          0.9999999999999989,
          0,
          0.9404697418212891,
          -0.00000476837158203125,
          0,
          1
        ],
        "children": [
          "Bip01-L-Finger4Nub"
        ],
        "jointName": "Bip01-L-Finger42"
      },
      "Bip01-L-Finger4Nub": {
        "name": "Bip01-L-Finger4Nub",
        "matrix": [
          1,
          -0.000003814697265625,
          -0.000002056360244750977,
          0,
          0.000003814696867276118,
          0.9999999999997743,
          -0.00000019371509552003266,
          0,
          0.000002056361228822969,
          0.00000019370727421799085,
          1.0000001192093573,
          0,
          0.9055900573730469,
          -0.00000095367431640625,
          -0.000003814697265625,
          1
        ]
      },
      "Bip01-LUpArmTwist": {
        "name": "Bip01-LUpArmTwist",
        "matrix": [
          0.7862898707389833,
          0.2112182974815369,
          -0.5806335210800171,
          0,
          0.0415056918909765,
          0.9195727550531027,
          0.3907216662631269,
          0,
          0.6164622190785499,
          -0.33132002390966303,
          0.7142838505285741,
          0,
          6.9568328857421875,
          -0.00002574920654296875,
          -0.000003814697265625,
          1
        ],
        "children": [
          "Bip01-LUpArmTwist1"
        ],
        "jointName": "Bip01-LUpArmTwist"
      },
      "Bip01-R-Finger3Nub": {
        "name": "Bip01-R-Finger3Nub",
        "matrix": [
          -0.9999998807907107,
          -0.0006903745234007471,
          0.0000012251548469066618,
          0,
          0.0006903745188257876,
          -0.9999998807881418,
          -0.000003732740879058812,
          0,
          0.0000012277313976185075,
          -0.000003731893729471895,
          0.9999999999999931,
          0,
          1.1051902770996094,
          0.0000057220458984375,
          -0.0000011920928955078125,
          1
        ]
      },
      "Bip01-R-Finger4": {
        "name": "Bip01-R-Finger4",
        "matrix": [
          0.45008784532547,
          0.8912432789802551,
          -0.055734828114509645,
          0,
          -0.8148847070499693,
          0.4354492645614946,
          0.382553048315204,
          0,
          0.36521752491390486,
          -0.1267650187957979,
          0.9222509441750395,
          0,
          3.528179168701172,
          0.32240450382232666,
          -1.7764849662780762,
          1
        ],
        "children": [
          "Bip01-R-Finger41"
        ],
        "jointName": "Bip01-R-Finger4"
      },
      "Bip01-R-Finger41": {
        "name": "Bip01-R-Finger41",
        "matrix": [
          0.7703526020050049,
          0.6376183032989502,
          -0.00000002235174179077149,
          0,
          -0.6376182497890115,
          0.7703525373557923,
          -0.000000027939677238464385,
          0,
          -0.0000000005961285043237191,
          0.000000035775276238441995,
          1.0000000000000009,
          0,
          1.4410452842712402,
          0.0000019073486328125,
          -0.00000286102294921875,
          1
        ],
        "children": [
          "Bip01-R-Finger42"
        ],
        "jointName": "Bip01-R-Finger41"
      },
      "Bip01-R-Finger42": {
        "name": "Bip01-R-Finger42",
        "matrix": [
          0.7703527808189392,
          0.6376180648803711,
          0.00000004470348358154295,
          0,
          -0.6376180356031207,
          0.7703527454469641,
          -0.000000022351741790771676,
          0,
          -0.00000004868932378325195,
          -0.000000011285020507287577,
          1.0000001192092982,
          0,
          0.9404702186584473,
          0.000003814697265625,
          -0.0000057220458984375,
          1
        ],
        "children": [
          "Bip01-R-Finger4Nub"
        ],
        "jointName": "Bip01-R-Finger42"
      },
      "Bip01-R-Finger4Nub": {
        "name": "Bip01-R-Finger4Nub",
        "matrix": [
          -0.9999995231628419,
          -0.0006903707981108638,
          0.0000034160912036895748,
          0,
          0.0006903710353012528,
          -0.9999998808522748,
          -0.0000028535723686217847,
          0,
          0.000003418061635191894,
          -0.0000028512133177598485,
          1.0000001192092751,
          0,
          0.9055881500244141,
          0,
          -0.0000027418136596679688,
          1
        ]
      },
      "Bone14": {
        "name": "Bone14",
        "matrix": [
          0.324397802352905,
          -0.003060840070247683,
          0.9459158182144165,
          0,
          -0.22191984124876665,
          0.9718386334892183,
          0.07925118703724991,
          0,
          -0.9195201603866233,
          -0.23562641167995,
          0.31458307256965745,
          0,
          0.7691459655761719,
          1.5118043422698975,
          -6.213233470916748,
          1
        ],
        "children": [
          "dg01"
        ],
        "jointName": "Bone14"
      },
      "dg01": {
        "name": "dg01",
        "matrix": [
          0.9999999999999999,
          0.000004533678293228148,
          0.0000005313195288181304,
          0,
          -0.000004533680195456639,
          1.0000001192093149,
          0.0000025629997253418024,
          0,
          -0.0000005313078773239566,
          -0.0000025630016758214476,
          0.9999999403953576,
          0,
          45.62897491455078,
          0.00021076202392578125,
          0.0000286102294921875,
          1
        ]
      },
      "Bip01-RUpArmTwist": {
        "name": "Bip01-RUpArmTwist",
        "matrix": [
          0.7355077862739563,
          -0.05733183771371845,
          0.6750863790512085,
          0,
          0.5662314802680206,
          0.5991629982222845,
          -0.5660261540596523,
          0,
          -0.3720354368779821,
          0.7985717550819647,
          0.4731521132267991,
          0,
          6.956834316253662,
          0.000026702880859375,
          -0.0000095367431640625,
          1
        ],
        "children": [
          "Bip01-RUpArmTwist1"
        ],
        "jointName": "Bip01-RUpArmTwist"
      },
      "Bip01-RUpArmTwist1": {
        "name": "Bip01-RUpArmTwist1",
        "matrix": [
          1.0000001192092896,
          0.0000034496188163757324,
          0.000003714114427566528,
          0,
          -0.000002221837491268441,
          0.956870849555799,
          -0.290513917214975,
          0,
          -0.000004556089237271404,
          0.29051389664305044,
          0.9568707818325302,
          0,
          5.296041488647461,
          0.0000171661376953125,
          0.000019073486328125,
          1
        ],
        "jointName": "Bip01-RUpArmTwist1"
      },
      "Bip01-L-Thigh": {
        "name": "Bip01-L-Thigh",
        "matrix": [
          -0.943213045597077,
          0.3082271218299866,
          0.12387607991695405,
          0,
          0.328502203879671,
          0.92086631130686,
          0.20998074446514978,
          0,
          -0.04935153051173839,
          0.2387500568735109,
          -0.9698260579949076,
          0,
          -3.1845602989196777,
          -0.1311650276184082,
          3.985635757446289,
          1
        ],
        "children": [
          "Bip01-L-Calf"
        ],
        "jointName": "Bip01-L-Thigh"
      },
      "Bip01-LUpArmTwist1": {
        "name": "Bip01-LUpArmTwist1",
        "matrix": [
          0.9999997615814209,
          -0.000004306435585021972,
          0.000000601634383201599,
          0,
          0.000004308741198022606,
          0.9999926686287486,
          -0.0038830190892560727,
          0,
          -0.0000005849080704616852,
          0.0038830186284380323,
          0.9999925493053898,
          0,
          5.2960405349731445,
          -0.000022411346435546875,
          0.000003814697265625,
          1
        ],
        "jointName": "Bip01-LUpArmTwist1"
      },
      "Bip01-R-Clavicle": {
        "name": "Bip01-R-Clavicle",
        "matrix": [
          -0.09522102773189536,
          -0.14110666513443013,
          -0.9854042530059813,
          0,
          -0.19436330696476328,
          -0.9682144347043591,
          0.15742674479583615,
          0,
          -0.9762969846782376,
          0.20651685034245354,
          0.06476844199934172,
          0,
          -2.4846458435058594,
          0.6396582126617432,
          -1.1274309158325195,
          1
        ],
        "children": [
          "Bip01-R-UpperArm",
          "Bip01-RUpArmTwist"
        ],
        "jointName": "Bip01-R-Clavicle"
      },
      "Bip01-R-UpperArm": {
        "name": "Bip01-R-UpperArm",
        "matrix": [
          0.7355074882507324,
          -0.057331800460815416,
          0.6750867962837218,
          0,
          0.6774940201980522,
          0.05404470304273417,
          -0.7335404094643688,
          0,
          0.00557032499859391,
          0.9968913820782164,
          0.07859220820497345,
          0,
          6.956834316253662,
          0.000026702880859375,
          -0.0000095367431640625,
          1
        ],
        "children": [
          "Bip01-R-Forearm"
        ]
      },
      "Bip01-R-Forearm": {
        "name": "Bip01-R-Forearm",
        "matrix": [
          0.8811864852905272,
          -0.47276875376701355,
          -0.00000015646219253540042,
          0,
          0.47276881190378006,
          0.8811865936507912,
          -0.00000008940696716308488,
          0,
          0.00000018014119982739457,
          0.000000004813766092594524,
          0.9999999999999881,
          0,
          10.592082023620605,
          0.00000762939453125,
          0.00005435943603515625,
          1
        ],
        "children": [
          "Bip01-R-Hand"
        ],
        "jointName": "Bip01-R-Forearm"
      },
      "Bip01-R-Hand": {
        "name": "Bip01-R-Hand",
        "matrix": [
          0.31376600265502913,
          0.864623010158539,
          -0.3924001753330231,
          0,
          -0.1522630582683331,
          0.45373993401890544,
          0.8780297209176177,
          0,
          0.9372122745345045,
          -0.21574781222134756,
          0.27401829290908003,
          0,
          9.287907600402832,
          0.00000667572021484375,
          0.0000400543212890625,
          1
        ],
        "children": [
          "Bip01-R-Finger0",
          "Bip01-R-Finger1",
          "Bip01-R-Finger2",
          "Bip01-R-Finger3",
          "Bip01-R-Finger4",
          "Bone14"
        ],
        "jointName": "Bip01-R-Hand"
      },
      "Bip01-R-Finger0": {
        "name": "Bip01-R-Finger0",
        "matrix": [
          0.6502048969268799,
          0.5769325494766235,
          0.4943503141403198,
          0,
          0.5714254291110824,
          0.05746121544379995,
          -0.8186398312750237,
          0,
          -0.5007059387105031,
          0.8147679737589423,
          -0.29231236823224255,
          0,
          1.6857280731201172,
          1.152485728263855,
          2.3031396865844727,
          1
        ],
        "children": [
          "Bip01-R-Finger01"
        ],
        "jointName": "Bip01-R-Finger0"
      },
      "Bip01-R-Finger01": {
        "name": "Bip01-R-Finger01",
        "matrix": [
          0.47004497051239036,
          0.8826425671577454,
          0.000000059604644775390605,
          0,
          -0.8826425517710361,
          0.4700449623183127,
          -0.0000000596046447753905,
          0,
          -0.00000008062644692897726,
          -0.000000024592728374793163,
          0.999999999999998,
          0,
          1.227675437927246,
          0.00000095367431640625,
          0.00000286102294921875,
          1
        ],
        "children": [
          "Bip01-R-Finger02"
        ],
        "jointName": "Bip01-R-Finger01"
      },
      "Bip01-R-Finger02": {
        "name": "Bip01-R-Finger02",
        "matrix": [
          0.9999999999999999,
          -0.000000014901161193847653,
          -0.0000001788139343261719,
          0,
          0.00000001490118251012974,
          1.0000000000000007,
          0.00000011920928955077983,
          0,
          0.00000017881393254981292,
          -0.00000011920929221531736,
          0.999999999999988,
          0,
          0.9520950317382812,
          -0.000000476837158203125,
          0.00000286102294921875,
          1
        ],
        "children": [
          "Bip01-R-Finger0Nub"
        ],
        "jointName": "Bip01-R-Finger02"
      },
      "Bip01-R-Finger0Nub": {
        "name": "Bip01-R-Finger0Nub",
        "matrix": [
          -0.9999998807907106,
          0.0006906092166904247,
          -0.0000013560056686401365,
          0,
          -0.0006906092235200703,
          -0.999999880790706,
          0.00000503659248351826,
          0,
          -0.0000013525271896606326,
          0.000005037528352605675,
          1.0000002384181326,
          0,
          0.8882293701171875,
          -0.00000286102294921875,
          0.0000019073486328125,
          1
        ]
      },
      "Bip01-R-Finger1": {
        "name": "Bip01-R-Finger1",
        "matrix": [
          0.6343920826911926,
          0.7700138092041016,
          0.06800701469182968,
          0,
          -0.7388333998949995,
          0.629862730398191,
          -0.2395773592214593,
          0,
          -0.22731310512753078,
          0.10174019143395083,
          0.9684924728442486,
          0,
          3.7706375122070312,
          -0.1733558177947998,
          1.342756986618042,
          1
        ],
        "children": [
          "Bip01-R-Finger11"
        ],
        "jointName": "Bip01-R-Finger1"
      },
      "Bip01-L-Calf": {
        "name": "Bip01-L-Calf",
        "matrix": [
          0.8904024362564088,
          -0.4551742374897004,
          -0.000000040978193283081055,
          0,
          0.45517425601335476,
          0.8904024724920026,
          -0.000000044703483581543055,
          0,
          0.000000056834951527911604,
          0.000000021151869391782332,
          1.000000000000002,
          0,
          18.5788516998291,
          0.00000095367431640625,
          0.00007009506225585938,
          1
        ],
        "children": [
          "Bip01-L-Foot"
        ],
        "jointName": "Bip01-L-Calf"
      },
      "Bip01-L-Foot": {
        "name": "Bip01-L-Foot",
        "matrix": [
          0.9567265510559081,
          -0.20414529740810392,
          0.20736275613307953,
          0,
          0.24122191001337545,
          0.9549617680434479,
          -0.17280080822527583,
          0,
          -0.16274696508090908,
          0.21534347304452184,
          0.962881202341382,
          0,
          14.03437614440918,
          -0.00000286102294921875,
          0.000050067901611328125,
          1
        ],
        "children": [
          "Bip01-L-Toe0"
        ],
        "jointName": "Bip01-L-Foot"
      },
      "Bip01-L-Toe0": {
        "name": "Bip01-L-Toe0",
        "matrix": [
          -0.00000002980232238769534,
          1,
          0.000000029802322387695306,
          0,
          -1.0000001192092896,
          -0.00000002980232505223049,
          -0.00000002980232238769535,
          0,
          -0.00000002980232149951686,
          -0.00000002980232682858742,
          1.0000001192092909,
          0,
          4.820718765258789,
          6.6672515869140625,
          0.0000286102294921875,
          1
        ],
        "children": [
          "Bip01-L-Toe0Nub"
        ],
        "jointName": "Bip01-L-Toe0"
      },
      "Bip01-L-Toe0Nub": {
        "name": "Bip01-L-Toe0Nub",
        "matrix": [
          -0.9999997615814209,
          0.0006906092166895463,
          -0.0000020563602447509766,
          0,
          -0.0006906092643349753,
          -0.9999998211654515,
          0.0000031590461730951005,
          0,
          -0.000002054177965550826,
          0.0000031604651843346394,
          0.9999999403951644,
          0,
          2.8172855377197266,
          -0.0000133514404296875,
          0.0000057220458984375,
          1
        ]
      },
      "Bip01-R-Thigh": {
        "name": "Bip01-R-Thigh",
        "matrix": [
          -0.8861195445060728,
          0.39973708987236034,
          -0.23452630639076236,
          0,
          0.43776836052564927,
          0.8880597558783613,
          -0.14038799436735835,
          0,
          0.15215509427548468,
          -0.22706875450376063,
          -0.9619194086656695,
          0,
          -3.038576602935791,
          1.2248644828796387,
          -4.014034748077393,
          1
        ],
        "children": [
          "Bip01-R-Calf"
        ],
        "jointName": "Bip01-R-Thigh"
      },
      "Bip01-R-Calf": {
        "name": "Bip01-R-Calf",
        "matrix": [
          0.8058707714080812,
          -0.5920915007591246,
          0.0000000819563865661621,
          0,
          0.5920914665122398,
          0.8058707247960615,
          -0.00000020861625671386234,
          0,
          0.00000005747365716136987,
          0.00000021664341060291572,
          0.999999940395332,
          0,
          18.578859329223633,
          0.0000095367431640625,
          0.000030517578125,
          1
        ],
        "children": [
          "Bip01-R-Foot"
        ],
        "jointName": "Bip01-R-Calf"
      },
      "Bip01-R-Foot": {
        "name": "Bip01-R-Foot",
        "matrix": [
          0.9901640415191649,
          -0.04281055927276611,
          -0.1332016885280609,
          0,
          0.020923770835569684,
          0.9866404537651542,
          -0.1615644994464152,
          0,
          0.13833879967738164,
          0.1571882291887737,
          0.9778313655337815,
          0,
          14.034378051757812,
          0.0000019073486328125,
          0.000016450881958007812,
          1
        ],
        "children": [
          "Bip01-R-Toe0"
        ],
        "jointName": "Bip01-R-Foot"
      },
      "Bip01-R-Toe0": {
        "name": "Bip01-R-Toe0",
        "matrix": [
          0.0000003278255461543458,
          0.9999999403953552,
          -0.0000020712614059448242,
          0,
          -0.9999998807907207,
          0.00000032782537229273844,
          -0.00000007450580596923839,
          0,
          -0.0000000745051447205564,
          0.0000020712618007399403,
          1.0000001192092907,
          0,
          4.820709228515625,
          6.667263031005859,
          0.00000762939453125,
          1
        ],
        "children": [
          "Bip01-R-Toe0Nub"
        ],
        "jointName": "Bip01-R-Toe0"
      },
      "Bip01-R-Toe0Nub": {
        "name": "Bip01-R-Toe0Nub",
        "matrix": [
          1,
          0.000000029802322387695303,
          -0.00000002980232238769531,
          0,
          -0.00000002980237501226665,
          0.9999999999999996,
          -0.0000017657876014709,
          0,
          0.00000002980226798676942,
          0.0000017657874971098894,
          0.9999999403953286,
          0,
          2.817281723022461,
          0.0000019073486328125,
          0.000003814697265625,
          1
        ]
      },
      "Bone04": {
        "name": "Bone04",
        "matrix": [
          -0.9313730001449584,
          0.31923303008079523,
          -0.17502683401107785,
          0,
          0.31470262211575917,
          0.9476632007233323,
          0.05381957459699139,
          0,
          0.18304746958700813,
          -0.004955304781994552,
          -0.9830913576819553,
          0,
          2.706444263458252,
          5.073132514953613,
          -0.000012278556823730469,
          1
        ],
        "children": [
          "Bone05"
        ],
        "jointName": "Bone04"
      },
      "Bip01-Spine2": {
        "name": "Bip01-Spine2",
        "matrix": [
          0.9934508800506591,
          -0.1123401597142219,
          -0.0208645723760128,
          0,
          0.11033006454126416,
          0.9906285954880806,
          -0.08051326860514377,
          0,
          0.02971390874514513,
          0.07768397032047474,
          0.996535121106843,
          0,
          7.319350242614746,
          -0.005299568176269531,
          0.0004315376281738281,
          1
        ],
        "children": [
          "Bip01-Neck"
        ],
        "jointName": "Bip01-Spine2"
      },
      "Bip01-Neck": {
        "name": "Bip01-Neck",
        "matrix": [
          0.9805966019630432,
          0.19603610038757324,
          0.0000005369074642658232,
          0,
          -0.19603611184552283,
          0.9805966592770705,
          0.00000001490116119384766,
          0,
          -0.0000005235685490205187,
          -0.00000011986529090878844,
          0.9999999999999989,
          0,
          7.134942054748535,
          -1.8606157302856445,
          -0.0000016689300537109375,
          1
        ],
        "children": [
          "Bip01-Head",
          "Bip01-L-Clavicle",
          "Bip01-R-Clavicle"
        ],
        "jointName": "Bip01-Neck"
      },
      "Bip01-Head": {
        "name": "Bip01-Head",
        "matrix": [
          0.9536786079406738,
          -0.2625408172607422,
          -0.14686529338359833,
          0,
          0.0774357277443627,
          0.6859957033253449,
          -0.7234730078178088,
          0,
          0.290690176105557,
          0.6785881594499206,
          0.6745495156992328,
          0,
          2.446451187133789,
          -0.0000007152557373046875,
          -0.0000002384185791015625,
          1
        ],
        "children": [
          "Bip01-HeadNub",
          "Bone11"
        ],
        "jointName": "Bip01-Head"
      },
      "Bip01-HeadNub": {
        "name": "Bip01-HeadNub",
        "matrix": [
          0.9999999999999999,
          0.000000029802322387695306,
          -0.000000014901161193847656,
          0,
          -0.00000002980233393401476,
          1.0000001192092896,
          -0.0000005364418029785073,
          0,
          0.000000014901144318460297,
          0.0000005364417074993299,
          0.9999999403953397,
          0,
          9.019598007202148,
          -0.000004291534423828125,
          -0.00000095367431640625,
          1
        ]
      },
      "Bone11": {
        "name": "Bone11",
        "matrix": [
          0.2305772006511689,
          0.9730539321899413,
