{
    "asset": {
      "generator": "tmx:FBX2GLTF",
      "premultipliedAlpha": true,
      "profile": {
        "api": "WebGL",
        "version": "1.0.2"
      },
      "version": "1.0"
    },
    "scene": "test",
    "scenes": {
      "test": {
        "nodes": [
          "RootNode"
        ]
      }
    },
    "nodes": {
      "RootNode": {
        "name": "RootNode",
        "children": [
          "Sky001",
          "Bip01",
          "K_ChangLeBangGaoShou001"
        ]
      },
      "Bip01": {
        "name": "Bip01",
        "matrix": [
          -1.7202629113197319,
          -0.7300515049695973,
          1.7202680587768553,
          0,
          1.7960541151155769,
          0.0000003217160735648161,
          1.7960488774189294,
          0,
          -0.5162237547002976,
          2.432822401627977,
          0.5162248243512315,
          0,
          0,
          86.34425483703613,
          0,
          1
        ],
        "children": [
          "Bip01-Pelvis"
        ]
      },
      "Bip01-Pelvis": {
        "name": "Bip01-Pelvis",
        "matrix": [
          0.0000000000000001110223156975294,
          0.0000000000000001110223156975294,
          1.000000119210406,
          0,
          0.9876879248732993,
          0.15643594686409873,
          -0.00000000000000011102228261238074,
          0,
          -0.15643592178836838,
          0.9876877665529352,
          -0.00000000000000011102226481618443,
          0,
          0,
          -0.00000017973752619582228,
          0,
          1
        ],
        "children": [
          "Bip01-Spine",
          "Bone04",
          "Bone15",
          "Bone09",
          "Bone12",
          "Bone01",
          "Bone17"
        ],
        "jointName": "Bip01-Pelvis"
      },
      "Sky001": {
        "name": "Sky001",
        "matrix": [
          2.54,
          0,
          0,
          0,
          0,
          2.5400000000000005,
          -0.00000000000000000000000000000012523166870383563,
          0,
          0,
          0.00000000000000000000000000000012523166870383563,
          2.5400000000000005,
          0,
          0,
          0,
          0,
          1
        ]
      },
      "Bip01-Spine": {
        "name": "Bip01-Spine",
        "matrix": [
          0.9915198683738708,
          -0.06485185027122498,
          0.11261589825153354,
          0,
          0.04823602808949073,
          0.9883344793956165,
          0.1444586395532469,
          0,
          -0.12067060855934485,
          -0.13780149428200483,
          0.983081658628259,
          0,
          3.1580276489257812,
          -0.00559234619140625,
          -0.0008131265640258789,
          1
        ],
        "children": [
          "Bip01-Spine1",
          "Bip01-L-Thigh",
          "Bip01-R-Thigh"
        ],
        "jointName": "Bip01-Spine"
      },
      "Bip01-Spine1": {
        "name": "Bip01-Spine1",
        "matrix": [
          0.9996343851089479,
          -0.027041137218475342,
          -0.00011090561747550962,
          0,
          0.026762548533158837,
          0.9899065491092194,
          -0.13917312205220883,
          0,
          0.0038731851764201514,
          0.13911925180819787,
          0.9902681835841175,
          0,
          7.109092712402344,
          -0.005772590637207031,
          0.0008120536804199219,
          1
        ],
        "children": [
          "Bip01-Spine2"
        ],
        "jointName": "Bip01-Spine1"
      },
      "Bip01-Spine2": {
        "name": "Bip01-Spine2",
        "matrix": [
          0.9990198016166687,
          0.044266939163207994,
          -0.00008303299546241787,
          0,
          -0.04403311023734222,
          0.9935466641729279,
          -0.1045285079135975,
          0,
          -0.004544660043996916,
          0.10442970771557075,
          0.994522024020442,
          0,
          7.3201751708984375,
          -0.005313873291015625,
          0.0005612373352050781,
          1
        ],
        "children": [
          "Bip01-Neck"
        ],
        "jointName": "Bip01-Spine2"
      },
      "Bip01-Neck": {
        "name": "Bip01-Neck",
        "matrix": [
          0.9411216974258423,
          0.30468693375587486,
          0.1464784443378449,
          0,
          -0.33399165137609255,
          0.7708839242870102,
          0.5423905958011086,
          0,
          0.05234144408538294,
          -0.5593780774303971,
          0.8272583933215698,
          0,
          7.135215759277344,
          -1.8602008819580078,
          -0.0010581016540527344,
          1
        ],
        "children": [
          "Bip01-Head",
          "Bip01-L-Clavicle",
          "Bip01-R-Clavicle"
        ],
        "jointName": "Bip01-Neck"
      },
      "Bip01-Head": {
        "name": "Bip01-Head",
        "matrix": [
          0.9870148897171019,
          -0.15665102005004886,
          0.035528115928173065,
          0,
          0.15610311068934335,
          0.9875819171224767,
          0.01772174240685548,
          0,
          -0.03786305238343017,
          -0.011945573746490374,
          0.9992117294337729,
          0,
          2.4464492797851562,
          0.00000762939453125,
          -0.00000095367431640625,
          1
        ],
        "children": [
          "Bip01-HeadNub",
          "Bone11"
        ],
        "jointName": "Bip01-Head"
      },
      "Bip01-HeadNub": {
        "name": "Bip01-HeadNub",
        "matrix": [
          0.9999998211860657,
          -0.00000002980232238769531,
          -0.000000014901161193847655,
          0,
          0.000000029802313838976488,
          0.9999997615814209,
          -0.0000004544854164123505,
          0,
          0.000000014901175626751056,
          0.00000045448547014715437,
          0.9999998807907038,
          0,
          9.019596099853516,
          -0.0000057220458984375,
          -0.00000286102294921875,
          1
        ]
      },
      "Bone11": {
        "name": "Bone11",
        "matrix": [
          0.23057737946510293,
          0.9730535745620728,
          0.0004332922399044037,
          0,
          0.97305378823138,
          -0.23057718588576973,
          -0.0005484297871758631,
          0,
          -0.0004337443345143658,
          0.0005480722534296499,
          -0.9999995231935144,
          0,
          3.9594573974609375,
          1.7774124145507812,
          -0.0000019073486328125,
          1
        ],
        "jointName": "Bone11"
      },
      "Bip01-L-Clavicle": {
        "name": "Bip01-L-Clavicle",
        "matrix": [
          0.24531581997871404,
          0.5747864246368409,
          0.7806671857833862,
          0,
          -0.29248721828571933,
          -0.723865866189606,
          0.6248757778147277,
          0,
          0.9242683325901695,
          -0.381627041884671,
          -0.009458064940545605,
          0,
          -2.2033729553222656,
          1.5755348205566406,
          0.7212705612182617,
          1
        ],
        "children": [
          "Bip01-L-UpperArm",
          "Bip01-LUpArmTwist"
        ],
        "jointName": "Bip01-L-Clavicle"
      },
      "Bip01-L-UpperArm": {
        "name": "Bip01-L-UpperArm",
        "matrix": [
          0.84161239862442,
          -0.5230408906936647,
          -0.13459976017475134,
          0,
          0.5344307987583121,
          0.842486828284096,
          0.06781977446692466,
          0,
          0.07792601094913396,
          -0.12901222231921225,
          0.9885765360175104,
          0,
          6.956829071044922,
          0.000003814697265625,
          -0.00000762939453125,
          1
        ],
        "children": [
          "Bip01-L-Forearm"
        ]
      },
      "Bip01-L-Forearm": {
        "name": "Bip01-L-Forearm",
        "matrix": [
          -0.02164091914892203,
          -0.9997658133506774,
          -0.00000002980232238769531,
          0,
          0.9997657529679496,
          -0.021640917841878198,
          0.0000000000000000000000016543611342258781,
          0,
          -0.0000000006449496421952814,
          -0.000000029795342756118902,
          1,
          0,
          10.59207820892334,
          0.000003814697265625,
          -0.00000762939453125,
          1
        ],
        "children": [
          "Bip01-L-Hand"
        ],
        "jointName": "Bip01-L-Forearm"
      },
      "Bip01-L-Hand": {
        "name": "Bip01-L-Hand",
        "matrix": [
          0.9082037210464479,
          -0.2545454204082489,
          -0.33222424983978277,
          0,
          -0.41657102609190005,
          -0.6264634969875229,
          -0.6587958039524211,
          0,
          -0.04043289886224086,
          0.7367155859171435,
          -0.6749925324419149,
          0,
          9.287906646728516,
          -0.00000095367431640625,
          0.000003814697265625,
          1
        ],
        "children": [
          "Bip01-L-Finger0",
          "Bip01-L-Finger1",
          "Bip01-L-Finger2",
          "Bip01-L-Finger3",
          "Bip01-L-Finger4"
        ],
        "jointName": "Bip01-L-Hand"
      },
      "Bip01-L-Finger0": {
        "name": "Bip01-L-Finger0",
        "matrix": [
          0.7000896334648131,
          0.5142073035240173,
          -0.4954442679882052,
          0,
          0.555605410747333,
          0.04355469596520773,
          0.830304754154586,
          0,
          0.44852772352073844,
          -0.8565593249279465,
          -0.25520418620348495,
          0,
          1.6857490539550781,
          1.1524658203125,
          -2.3031387329101562,
          1
        ],
        "children": [
          "Bip01-L-Finger01"
        ],
        "jointName": "Bip01-L-Finger0"
      },
      "Bip01-L-Finger2Nub": {
        "name": "Bip01-L-Finger2Nub",
        "matrix": [
          1,
          0.000000014901161193847655,
          -0.000000014901161193847655,
          0,
          -0.00000001490117318425632,
          1.0000002384185789,
          -0.0000005662441253662019,
          0,
          0.000000014901154532510271,
          0.0000005662440580866937,
          1.0000001192092733,
          0,
          1.3300085067749023,
          0,
          0,
          1
        ]
      },
      "Bip01-L-Finger3": {
        "name": "Bip01-L-Finger3",
        "matrix": [
          0.5154263973236084,
          0.8565175533294681,
          -0.02670970559120179,
          0,
          -0.842516145666821,
          0.5008147408664834,
          -0.19837152871783445,
          0,
          -0.1565320855644407,
          0.12474928331166746,
          0.9797630267517333,
          0,
          3.8492660522460938,
          0.15970993041992188,
          0.8913154602050781,
          1
        ],
        "children": [
          "Bip01-L-Finger31"
        ],
        "jointName": "Bip01-L-Finger3"
      },
      "Bip01-L-Finger31": {
        "name": "Bip01-L-Finger31",
        "matrix": [
          0.7605351209640503,
          0.6492966413497925,
          -0.00000002980232238769532,
          0,
          -0.6492968007308856,
          0.7605353076505387,
          -0.000000298023223876943,
          0,
          -0.0000001708397523382471,
          0.00000024600767033951096,
          0.9999999999999662,
          0,
          1.8866119384765625,
          0.0000019073486328125,
          -0.0000019073486328125,
          1
        ],
        "children": [
          "Bip01-L-Finger32"
        ],
        "jointName": "Bip01-L-Finger31"
      },
      "Bip01-L-Finger32": {
        "name": "Bip01-L-Finger32",
        "matrix": [
          0.7605350017547607,
          0.6492968797683716,
          0.0000000596046447753906,
          0,
          -0.6492969048968921,
          0.7605350311883053,
          0.00000017881393432616944,
          0,
          0.00000007077190745497947,
          -0.00000017469536281092418,
          0.9999999403953417,
          0,
          1.1788101196289062,
          -0.0000057220458984375,
          -0.0000019073486328125,
          1
        ],
        "children": [
          "Bip01-L-Finger3Nub"
        ],
        "jointName": "Bip01-L-Finger32"
      },
      "Bip01-L-Finger3Nub": {
        "name": "Bip01-L-Finger3Nub",
        "matrix": [
          0.9999999403953552,
          -0.00000005960464477539061,
          -0.000000029802322387695312,
          0,
          0.000000059604628788178005,
          0.9999999999999982,
          -0.0000006556510925293527,
          0,
          0.00000002980235969118894,
          0.0000006556510125933503,
          0.9999998807907957,
          0,
          1.1051883697509766,
          0.000011444091796875,
          0,
          1
        ]
      },
      "Bip01-L-Finger4": {
        "name": "Bip01-L-Finger4",
        "matrix": [
          0.48835468292236356,
          0.872217237949371,
          0.02733436226844786,
          0,
          -0.7986835962808405,
          0.45936467590526087,
          -0.3887017486717127,
          0,
          -0.35158870940984727,
          0.16799276627673157,
          0.9209582377790492,
          0,
          3.5281829833984375,
          0.32239532470703125,
          1.7764835357666016,
          1
        ],
        "children": [
          "Bip01-L-Finger41"
        ],
        "jointName": "Bip01-L-Finger4"
      },
      "Bip01-L-Finger41": {
        "name": "Bip01-L-Finger41",
        "matrix": [
          0.7882757186889647,
          0.615322411060333,
          -0.00000006705522537231447,
          0,
          -0.6153224110603395,
          0.7882757186889598,
          -0.00000011920928955078103,
          0,
          -0.000000020494134571382497,
          0.00000013523032566014806,
          0.9999999403953533,
          0,
          1.4410362243652344,
          0.000003814697265625,
          -0.0000019073486328125,
          1
        ],
        "children": [
          "Bip01-L-Finger42"
        ],
        "jointName": "Bip01-L-Finger41"
      },
      "Bip01-L-Finger42": {
        "name": "Bip01-L-Finger42",
        "matrix": [
          0.7882755398750306,
          0.6153222322463988,
          0.00000010430812835693358,
          0,
          -0.6153221969923128,
          0.788275494711795,
          0.00000008940696716308545,
          0,
          -0.000000027209451272953334,
          -0.00000013466045380490062,
          0.9999998807907051,
          0,
          0.9404678344726562,
          0.000003814697265625,
          -0.0000019073486328125,
          1
        ],
        "children": [
          "Bip01-L-Finger4Nub"
        ],
        "jointName": "Bip01-L-Finger42"
      },
      "Bip01-L-Finger4Nub": {
        "name": "Bip01-L-Finger4Nub",
        "matrix": [
          0.9999999403953552,
          0.0000000000000000000000000000015777217164024762,
          -0.000000029802322387695312,
          0,
          -0.00000000000002042810487071201,
          0.9999998807907106,
          -0.0000006854534149169651,
          0,
          0.00000002980232416405108,
          0.0000006854534966293628,
          0.9999999999999605,
          0,
          0.9055852890014648,
          0,
          -0.000003814697265625,
          1
        ]
      },
      "Bip01-LUpArmTwist": {
        "name": "Bip01-LUpArmTwist",
        "matrix": [
          0.8416124582290648,
          -0.5230409502983092,
          -0.1345997452735901,
          0,
          0.5398695627540797,
          0.8217279000642245,
          0.18249371903607223,
          0,
          0.015152677079433316,
          -0.22625528228681027,
          0.9739502804883873,
          0,
          6.956829071044922,
          0.000003814697265625,
          -0.00000762939453125,
          1
        ],
        "children": [
          "Bip01-LUpArmTwist1"
        ],
        "jointName": "Bip01-LUpArmTwist"
      },
      "Bip01-L-Finger01": {
        "name": "Bip01-L-Finger01",
        "matrix": [
          0.9057878851890564,
          0.4237320125102996,
          -0.00000004470348358154296,
          0,
          -0.4237319575275647,
          0.9057877676555799,
          -0.00000002980232238769564,
          0,
          0.000000027863663245130007,
          0.00000004593686512112297,
          1.0000001192093004,
          0,
          1.2276649475097656,
          -0.000003814697265625,
          0.000003814697265625,
          1
        ],
        "children": [
          "Bip01-L-Finger02"
        ],
        "jointName": "Bip01-L-Finger01"
      },
      "Bip01-L-Finger02": {
        "name": "Bip01-L-Finger02",
        "matrix": [
          0.9403892755508423,
          0.34010004997253424,
          -0.00000013411045074462893,
          0,
          -0.34010002746221546,
          0.9403892133089804,
          0.00000001490116119384769,
          0,
          0.00000013118391121880374,
          0.00000003159807683215638,
          1.0000000000000024,
          0,
          0.9520950317382812,
          0,
          -0.000003814697265625,
          1
        ],
        "children": [
          "Bip01-L-Finger0Nub"
        ],
        "jointName": "Bip01-L-Finger02"
      },
      "Bip01-L-Finger0Nub": {
        "name": "Bip01-L-Finger0Nub",
        "matrix": [
          0.9999999403953552,
          -0.00000008940696716308596,
          -0.000000014901161193847651,
          0,
          0.00000008940695717107782,
          0.9999998807907069,
          -0.0000003129243850707936,
          0,
          0.000000014901190059650886,
          0.00000031292442104201534,
          0.9999999999999769,
          0,
          0.8882293701171875,
          0.000003814697265625,
          0.000003814697265625,
          1
        ]
      },
      "Bip01-L-Finger1": {
        "name": "Bip01-L-Finger1",
        "matrix": [
          0.666534125804901,
          0.7268964648246766,
          -0.1653899848461151,
          0,
          -0.708888297442207,
          0.6866762567079795,
          0.16109985061004303,
          0,
          0.2306722907032848,
          0.009864476811311022,
          0.9729815690021502,
          0,
          3.7706451416015625,
          -0.173370361328125,
          -1.3427581787109375,
          1
        ],
        "children": [
          "Bip01-L-Finger11"
        ],
        "jointName": "Bip01-L-Finger1"
      },
      "Bip01-L-Finger11": {
        "name": "Bip01-L-Finger11",
        "matrix": [
          0.6055617928504945,
          0.7957983016967775,
          -0.00000005960464477539063,
          0,
          -0.7957981974783591,
          0.6055617135456147,
          0.000000059604644775390446,
          0,
          0.00000008352755510236373,
          0.000000011338971853910945,
          0.999999761581418,
          0,
          1.7271041870117188,
          0.00000095367431640625,
          0,
          1
        ],
        "children": [
          "Bip01-L-Finger12"
        ],
        "jointName": "Bip01-L-Finger11"
      },
      "Bip01-L-Finger12": {
        "name": "Bip01-L-Finger12",
        "matrix": [
          0.9967377781867981,
          0.08070787787437435,
          0.000000029802322387695312,
          0,
          -0.08070787724346332,
          0.9967377703951371,
          -0.0000001490116119384749,
          0,
          -0.00000004173150588015176,
          0.00000014612020168717292,
          0.9999998211860546,
          0,
          1.0268211364746094,
          0.0000019073486328125,
          -0.00000762939453125,
          1
        ],
        "children": [
          "Bip01-L-Finger1Nub"
        ],
        "jointName": "Bip01-L-Finger12"
      },
      "Bip01-L-Finger1Nub": {
        "name": "Bip01-L-Finger1Nub",
        "matrix": [
          0.9999999403953552,
          0.000000014901161193847656,
          0,
          0,
          -0.00000001490116208202613,
          0.9999999999999999,
          -0.0000004768371582031321,
          0,
          -0.000000000000007105427357601213,
          0.00000047683712978142965,
          0.99999994039537,
          0,
          1.0072460174560547,
          0.000003814697265625,
          0.000003814697265625,
          1
        ]
      },
      "Bip01-L-Finger2": {
        "name": "Bip01-L-Finger2",
        "matrix": [
          0.5677565932273866,
          0.8231923580169678,
          -0.0026886165142059387,
          0,
          -0.8211802712909548,
          0.5661343520861026,
          -0.07179938251009116,
          0,
          -0.057582561019630114,
          0.042972393883426066,
          0.9974154225970532,
          0,
          3.9104671478271484,
          -0.019866943359375,
          -0.256317138671875,
          1
        ],
        "children": [
          "Bip01-L-Finger21"
        ],
        "jointName": "Bip01-L-Finger2"
      },
      "Bip01-L-Finger21": {
        "name": "Bip01-L-Finger21",
        "matrix": [
          0.21179282665252713,
          0.9773145318031309,
          -0.000000052154064178466784,
          0,
          -0.9773145441405935,
          0.21179282932616117,
          -0.00000008940696716308648,
          0,
          -0.00000007633287845326503,
          0.00000006990668617866241,
          1.0000000000000058,
          0,
          2.2772598266601562,
          0.00000667572021484375,
          -0.00000762939453125,
          1
        ],
        "children": [
          "Bip01-L-Finger22"
        ],
        "jointName": "Bip01-L-Finger21"
      },
      "Bip01-L-Finger22": {
        "name": "Bip01-L-Finger22",
        "matrix": [
          0.9450861811637878,
          0.3268211483955384,
          -0.00000007450580596923831,
          0,
          -0.3268211604393852,
          0.9450862159916029,
          -0.00000008940696716308573,
          0,
          0.00000004119432297367945,
          0.00000010884736425123379,
          0.9999999999999972,
          0,
          1.1479649543762207,
          -0.000003814697265625,
          -0.000003814697265625,
          1
        ],
        "children": [
          "Bip01-L-Finger2Nub"
        ],
        "jointName": "Bip01-L-Finger22"
      },
      "Bip01-LUpArmTwist1": {
        "name": "Bip01-LUpArmTwist1",
        "matrix": [
          1,
          -0.00000016391277313232425,
          -0.00000016391277313232422,
          0,
          0.00000015407232997752804,
          0.9982974529172816,
          -0.058332085769549756,
          0,
          0.00000017319502663251817,
          0.05833206851621891,
          0.9982971576436029,
          0,
          5.296039581298828,
          0.0000019073486328125,
          0,
          1
        ],
        "jointName": "Bip01-LUpArmTwist1"
      },
      "Bip01-R-Clavicle": {
        "name": "Bip01-R-Clavicle",
        "matrix": [
          -0.4850967228412623,
          -0.5144319534301757,
          -0.707135796546936,
          0,
          -0.27856656582066114,
          -0.6756169252526907,
          0.6825996720262766,
          0,
          -0.828904048120649,
          0.5281112879845917,
          0.18443602547574725,
          0,
          -2.5336570739746094,
          0.3525276184082031,
          -1.1440849304199219,
          1
        ],
        "children": [
          "Bip01-R-UpperArm",
          "Bip01-RUpArmTwist"
        ],
        "jointName": "Bip01-R-Clavicle"
      },
      "Bip01-R-UpperArm": {
        "name": "Bip01-R-UpperArm",
        "matrix": [
          0.7313063740730286,
          0.12205883860588074,
          0.6710383296012877,
          0,
          -0.07011591155136221,
          0.9920977975067949,
          -0.10404486424369187,
          0,
          -0.6784355538076786,
          0.029038221499710318,
          0.7340860448293238,
          0,
          6.956837177276611,
          0.0000057220458984375,
          0.000003814697265625,
          1
        ],
        "children": [
          "Bip01-R-Forearm"
        ]
      },
      "Bip01-R-Forearm": {
        "name": "Bip01-R-Forearm",
        "matrix": [
          0.9239368438720703,
          -0.3825454115867614,
          0.00000023841857910156247,
          0,
          0.38254544137649543,
          0.9239369158212362,
          -0.00000004051253199577244,
          0,
          -0.0000002047857694413539,
          0.00000012863691505247226,
          0.9999999999999784,
          0,
          10.592079162597656,
          -0.0000019073486328125,
          0.00000762939453125,
          1
        ],
        "children": [
          "Bip01-R-Hand"
        ],
        "jointName": "Bip01-R-Forearm"
      },
      "Bip01-R-Hand": {
        "name": "Bip01-R-Hand",
        "matrix": [
          0.6926037669181826,
          0.719316780567169,
          -0.0536955296993256,
          0,
          -0.06116501381854442,
          0.13273992025201592,
          0.9892617395068448,
          0,
          0.7187201100671171,
          -0.6818821195640177,
          0.1359331896361022,
          0,
          9.287904739379883,
          -0.0000007152557373046875,
          0,
          1
        ],
        "children": [
          "Bip01-R-Finger0",
          "Bip01-R-Finger1",
          "Bip01-R-Finger2",
          "Bip01-R-Finger3",
          "Bip01-R-Finger4",
          "Bone14"
        ],
        "jointName": "Bip01-R-Hand"
      },
      "Bip01-R-Finger0": {
        "name": "Bip01-R-Finger0",
        "matrix": [
          0.7000899314880369,
          0.5142073035240173,
          0.49544441699981706,
          0,
          0.5556053964697665,
          0.04355449517005256,
          -0.8303046100664749,
          0,
          -0.4485275935418168,
          0.8565596180811664,
          -0.25520432756827466,
          0,
          1.6857366561889648,
          1.1524658203125,
          2.3031444549560547,
          1
        ],
        "children": [
          "Bip01-R-Finger01"
        ],
        "jointName": "Bip01-R-Finger0"
      },
      "Bip01-R-Finger01": {
        "name": "Bip01-R-Finger01",
        "matrix": [
          0.9057875871658326,
          0.42373186349868774,
          -0.000000042840838432312025,
          0,
          -0.423731875673675,
          0.9057876131916179,
          0.000000051222741603851385,
          0,
          0.00000006050941256518583,
          -0.000000028243896577958262,
          0.9999999403953567,
          0,
          1.2276649475097656,
          0.000003814697265625,
          0.000003814697265625,
          1
        ],
        "children": [
          "Bip01-R-Finger02"
        ],
        "jointName": "Bip01-R-Finger01"
      },
      "Bip01-R-Finger02": {
        "name": "Bip01-R-Finger02",
        "matrix": [
          0.9403893947601317,
          0.3401001691818237,
          -0.000000050291419029235846,
          0,
          -0.3401001916921467,
          0.9403894570019928,
          -0.00000003166496753692645,
          0,
          0.00000003652424897648684,
          0.00000004688150750918762,
          1.0000001192092953,
          0,
          0.9521007537841797,
          -0.000003814697265625,
          0,
          1
        ],
        "children": [
          "Bip01-R-Finger0Nub"
        ],
        "jointName": "Bip01-R-Finger02"
      },
      "Bip01-R-Finger0Nub": {
        "name": "Bip01-R-Finger0Nub",
        "matrix": [
          -0.9999996423721313,
          0.0006908178329471903,
          -0.0000003967434167861939,
          0,
          -0.0006908179975163318,
          -0.9999998806465026,
          -0.00000008847564458846964,
          0,
          -0.0000003968044898881043,
          -0.00000008820153543252056,
          0.9999999999999907,
          0,
          0.8882236480712891,
          -0.0000019073486328125,
          -0.0000019073486328125,
          1
        ]
      },
      "Bip01-R-Finger1": {
        "name": "Bip01-R-Finger1",
        "matrix": [
          0.6665341854095459,
          0.7268964052200318,
          0.16539001464843744,
          0,
          -0.7088883395359208,
          0.6866763969127769,
          -0.16109976520092448,
          0,
          -0.23067223929939243,
          -0.00986455122606015,
          0.9729815931476409,
          0,
          3.770641326904297,
          -0.173370361328125,
          1.3427562713623047,
          1
        ],
        "children": [
          "Bip01-R-Finger11"
        ],
        "jointName": "Bip01-R-Finger1"
      },
      "Bip01-R-Finger11": {
        "name": "Bip01-R-Finger11",
        "matrix": [
          0.6055617928504944,
          0.7957981824874877,
          -0.000000029802322387695312,
          0,
          -0.7957981718107972,
          0.6055617847260769,
          -0.0000000298023223876955,
          0,
          -0.0000000056694874833026646,
          0.00000004176378901587935,
          1.0000000000000062,
          0,
          1.7271156311035156,
          0.00000476837158203125,
          0,
          1
        ],
        "children": [
          "Bip01-R-Finger12"
        ],
        "jointName": "Bip01-R-Finger11"
      },
      "Bip01-R-Finger12": {
        "name": "Bip01-R-Finger12",
        "matrix": [
          0.9967377185821532,
          0.08070777356624603,
          0.00000007450580596923827,
          0,
          -0.08070778775671379,
          0.9967378938339077,
          -0.000000059604644775390374,
          0,
          -0.00000007907331827967968,
          0.000000053396998865705316,
          0.9999999999999959,
          0,
          1.0268211364746094,
          0.000003814697265625,
          0.0000019073486328125,
          1
        ],
        "children": [
          "Bip01-R-Finger1Nub"
        ],
        "jointName": "Bip01-R-Finger12"
      },
      "Bip01-R-Finger1Nub": {
        "name": "Bip01-R-Finger1Nub",
        "matrix": [
          -0.9999996423721313,
          -0.000690460205078042,
          -0.0000002384185791015625,
          0,
          0.0006904602049572726,
          -0.9999996422692559,
          0.00000020861625671387193,
          0,
          -0.00000023856259196187215,
          0.00000020845161330728626,
          1.0000000000000226,
          0,
          1.0072441101074219,
          0.0000019073486328125,
          -0.0000057220458984375,
          1
        ]
      },
      "Bip01-R-Finger2": {
        "name": "Bip01-R-Finger2",
        "matrix": [
          0.5677565336227416,
          0.8231922388076783,
          0.0026886463165283142,
          0,
          -0.8211804263985958,
          0.5661344788688599,
          0.0717994194512932,
          0,
          0.05758256492088375,
          -0.04297243491806039,
          0.9974154778716444,
          0,
          3.910463333129883,
          -0.019866943359375,
          0.2563304901123047,
          1
        ],
        "children": [
          "Bip01-R-Finger21"
        ],
        "jointName": "Bip01-R-Finger2"
      },
      "Bip01-R-Finger21": {
        "name": "Bip01-R-Finger21",
        "matrix": [
          0.21179319918155692,
          0.9773144721984862,
          -0.000000011175870895385737,
          0,
          -0.9773145198763749,
          0.21179320951380126,
          -0.00000005960464477539055,
          0,
          -0.000000055885502527395504,
          0.000000023546196834165555,
          0.999999880790709,
          0,
          2.277263641357422,
          0,
          0,
          1
        ],
        "children": [
          "Bip01-R-Finger22"
        ],
        "jointName": "Bip01-R-Finger21"
      },
      "Bip01-R-Finger22": {
        "name": "Bip01-R-Finger22",
        "matrix": [
          0.9450861215591431,
          0.326820969581604,
          -0.00000005960464477539061,
          0,
          -0.326820956848628,
          0.9450860847384925,
          -0.00000002980232238769535,
          0,
          0.000000046591505616388816,
          0.00000004764581767597167,
          0.9999998807907118,
          0,
          1.1479644775390625,
          0.0000057220458984375,
          0,
          1
        ],
        "children": [
          "Bip01-R-Finger2Nub"
        ],
        "jointName": "Bip01-R-Finger22"
      },
      "Bip01-R-Finger2Nub": {
        "name": "Bip01-R-Finger2Nub",
        "matrix": [
          -0.9999998211860659,
          -0.0006903558969497106,
          -0.0000002980232238769531,
          0,
          0.0006903558557266908,
          -0.9999997616020241,
          0.00000029802322387695117,
          0,
          -0.00000029822891276185946,
          0.0000002978174463268902,
          1.000000119209283,
          0,
          1.3300104141235352,
          0.0000019073486328125,
          -0.0000057220458984375,
          1
        ]
      },
      "Bip01-R-Finger3": {
        "name": "Bip01-R-Finger3",
        "matrix": [
          0.5154262185096742,
          0.8565179109573363,
          0.026709765195846554,
          0,
          -0.842516095756974,
          0.5008143083950765,
          0.19837164522440714,
          0,
          0.1565322254312707,
          -0.12474934676034061,
          0.9797628941936558,
          0,
          3.8492584228515625,
          0.159698486328125,
          -0.8913135528564453,
          1
        ],
        "children": [
          "Bip01-R-Finger31"
        ],
        "jointName": "Bip01-R-Finger3"
      },
      "Bip01-R-Finger31": {
        "name": "Bip01-R-Finger31",
        "matrix": [
          0.7605348825454712,
          0.6492970585823058,
          -0.00000014901161193847654,
          0,
          -0.6492970334537755,
          0.760534853111925,
          0.00000005960464477538992,
          0,
          0.0000001520296541789597,
          0.000000051421389197343426,
          0.999999999999988,
          0,
          1.8866291046142578,
          0,
          0.000003814697265625,
          1
        ],
        "children": [
          "Bip01-R-Finger32"
        ],
        "jointName": "Bip01-R-Finger31"
      },
      "Bip01-R-Finger32": {
        "name": "Bip01-R-Finger32",
        "matrix": [
          0.7605350017547606,
          0.6492965817451478,
          0.00000003352761268615724,
          0,
          -0.6492966657407454,
          0.7605351001406012,
          0.00000005960464477539054,
          0,
          0.000000013202170202694095,
          -0.00000006710080793484076,
          0.9999999999999984,
          0,
          1.178802490234375,
          0,
          -0.00000762939453125,
          1
        ],
        "children": [
          "Bip01-R-Finger3Nub"
        ],
        "jointName": "Bip01-R-Finger32"
      },
      "Bone05": {
        "name": "Bone05",
        "matrix": [
          0.9912639856338501,
          -0.05550369620323182,
          0.11964453756809232,
          0,
          0.05506703245160826,
          0.9984584997524387,
          0.006955362891603754,
          0,
          -0.11984615349076297,
          -0.00030613110766760315,
          0.9927923729617826,
          0,
          5.460585594177246,
          0.0000019073486328125,
          0.000007152557373046875,
          1
        ],
        "children": [
          "Bone06"
        ],
        "jointName": "Bone05"
      },
      "Bone06": {
        "name": "Bone06",
        "matrix": [
          0.9659711718559265,
          -0.24197414517402646,
          0.09136931598186494,
          0,
          0.23266159130207284,
          0.9672195254923371,
          0.10175984991015216,
          0,
          -0.11299742587286306,
          -0.0770389419654094,
          0.9906041518126939,
          0,
          6.38232421875,
          0.00000762939453125,
          0.000003337860107421875,
          1
        ],
        "children": [
          "Bone08"
        ],
        "jointName": "Bone06"
      },
      "Bone08": {
        "name": "Bone08",
        "matrix": [
          0.9652786850929259,
          -0.16031417250633243,
          0.2062437981367111,
          0,
          0.15981329014781337,
          0.9869603650964728,
          0.019197530730639026,
          0,
          -0.20663213667798466,
          0.014429535952538689,
          0.9783123571677159,
          0,
          9.478673934936523,
          0,
          0.000012159347534179688,
          1
        ],
        "jointName": "Bone08"
      },
      "Bone15": {
        "name": "Bone15",
        "matrix": [
          -0.7448704838752742,
          0.6470836400985716,
          0.16263626515865326,
          0,
          -0.034870267192723486,
          -0.2811778751614564,
          0.9590220854235743,
          0,
          0.6662971930368962,
          0.708676044593756,
          0.2320050694655119,
          0,
          0.9781379699707031,
          6.473621368408203,
          6.983006477355957,
          1
        ],
        "children": [
          "Bone16"
        ],
        "jointName": "Bone15"
      },
      "Bone16": {
        "name": "Bone16",
        "matrix": [
          0.996953547000885,
          -0.011343009769916533,
          0.07716867327690122,
          0,
          0.011742063560584708,
          0.9999200109086884,
          -0.004719395157354315,
          0,
          -0.07710895107917722,
          0.005611135942125839,
          0.9970067669511813,
          0,
          7.167560577392578,
          0.000004291534423828125,
          -0.000003814697265625,
          1
        ],
        "jointName": "Bone16"
      },
      "Bone09": {
        "name": "Bone09",
        "matrix": [
          -0.7197514176368713,
          0.536664009094238,
          -0.440398097038269,
          0,
          -0.038602448748706095,
          0.6024477083060759,
          0.7972245383925932,
          0,
          0.6931583851629285,
          0.5908038036354902,
          -0.4128959542369553,
          0,
          2.9854583740234375,
          6.067856788635254,
          -8.511024475097656,
          1
        ],
        "children": [
          "Bone10"
        ],
        "jointName": "Bone09"
      },
      "Bone10": {
        "name": "Bone10",
        "matrix": [
          0.9986689090728759,
          -0.042108878493309014,
          -0.029782235622406013,
          0,
          0.040163578458198665,
          0.9971956585735151,
          -0.0631475004583071,
          0,
          0.03235779063022468,
          0.06186729215377099,
          0.997559671387815,
          0,
          7.204345703125,
          0.00000286102294921875,
          -0.000003814697265625,
          1
        ],
        "jointName": "Bone10"
      },
      "Bone12": {
        "name": "Bone12",
        "matrix": [
          -0.9531638622283938,
          0.019332498311996908,
          -0.3018350005149842,
          0,
          -0.2793503983528662,
          0.3262682743836024,
          0.903057249847689,
          0,
          0.11593756011779455,
          0.9450794478775446,
          -0.30558664697946164,
          0,
          -0.6788406372070312,
          -5.0180768966674805,
          -5.6574554443359375,
          1
        ],
        "children": [
          "Bone13"
        ],
        "jointName": "Bone12"
      },
      "Bone13": {
        "name": "Bone13",
        "matrix": [
          0.9994866251945496,
          -0.005639493465423582,
          -0.03153912723064421,
          0,
          0.00518763072558143,
          0.9998829360134911,
          -0.014390561725141963,
          0,
          0.031616598470077265,
          0.014219564161335125,
          0.9993991252615849,
          0,
          6.511816024780273,
          0.000003814697265625,
          -0.00000667572021484375,
          1
        ],
        "jointName": "Bone13"
      },
      "Bone01": {
        "name": "Bone01",
        "matrix": [
          -0.8475006222724911,
          -0.5180404186248776,
          0.11565721780061719,
          0,
          -0.5246582986993089,
          0.8506112333708079,
          -0.03456105275284408,
          0,
          -0.08047529217147759,
