{
    "asset": {
      "generator": "tmx:FBX2GLTF",
      "premultipliedAlpha": true,
      "profile": {
        "api": "WebGL",
        "version": "1.0.2"
      },
      "version": "1.0"
    },
    "scene": "test",
    "scenes": {
      "test": {
        "nodes": [
          "RootNode"
        ]
      }
    },
    "nodes": {
      "RootNode": {
        "name": "RootNode",
        "children": [
          "Sky001",
          "Bip01",
          "K_ChangLeBangGaoShou001"
        ]
      },
      "Bip01-Spine": {
        "name": "Bip01-Spine",
        "matrix": [
          0.9564453959465027,
          0.2874543070793152,
          -0.05081989243626594,
          0,
          -0.2818425208863176,
          0.954681884742003,
          0.09564046563278604,
          0,
          0.07600908352032801,
          -0.0771516653103142,
          0.9941177965832665,
          0,
          3.1599159240722656,
          -0.005403995513916016,
          -0.0005359649658203125,
          1
        ],
        "children": [
          "Bip01-Spine1",
          "Bip01-L-Thigh",
          "Bip01-R-Thigh"
        ],
        "jointName": "Bip01-Spine"
      },
      "Bip01-Spine1": {
        "name": "Bip01-Spine1",
        "matrix": [
          0.9839883446693418,
          0.17757630348205564,
          0.015284046530723568,
          0,
          -0.17746343609739634,
          0.984091147638774,
          -0.008460819720539572,
          0,
          -0.016543333202837348,
          0.005612987633811082,
          0.9998473524240943,
          0,
          7.110269546508789,
          -0.005734443664550781,
          0.00004792213439941406,
          1
        ],
        "children": [
          "Bip01-Spine2"
        ],
        "jointName": "Bip01-Spine1"
      },
      "Bip01-Pelvis": {
        "name": "Bip01-Pelvis",
        "matrix": [
          0.00000000000000016653345369393022,
          -0.00000000000000005551115123131008,
          1.0000000000009412,
          0,
          0.9999998211859867,
          0.000001601166955207067,
          -0.00000000000000016653342391547175,
          0,
          -0.0000016011672414640772,
          1.0000000000008624,
          0.00000000000000011102230246275372,
          0,
          0,
          0,
          0,
          1
        ],
        "children": [
          "Bip01-Spine",
          "Bone04",
          "Bone15",
          "Bone09",
          "Bone12",
          "Bone01",
          "Bone17"
        ],
        "jointName": "Bip01-Pelvis"
      },
      "Bip01": {
        "name": "Bip01",
        "matrix": [
          -0.3594502994418134,
          -0.015294777024537886,
          2.5143914008140573,
          0,
          2.514429401519019,
          -0.00895745124199875,
          0.35940124468660034,
          0,
          0.006702980883856443,
          2.5399388360910424,
          0.016408418604388457,
          0,
          -12.189168777465822,
          76.9503757095337,
          -11.698759031295776,
          1
        ],
        "children": [
          "Bip01-Pelvis"
        ]
      },
      "Sky001": {
        "name": "Sky001",
        "matrix": [
          2.54,
          0,
          0,
          0,
          0,
          2.5400000000000005,
          -0.00000000000000000000000000000012523166870383563,
          0,
          0,
          0.00000000000000000000000000000012523166870383563,
          2.5400000000000005,
          0,
          0,
          0,
          0,
          1
        ]
      },
      "Bip01-Spine2": {
        "name": "Bip01-Spine2",
        "matrix": [
          0.9943759441375732,
          -0.016929924488067634,
          0.10454723238945006,
          0,
          0.01728719856288192,
          0.9998474115278112,
          -0.002512101082937737,
          0,
          -0.10448873373003259,
          0.004305300981031558,
          0.9945167298904033,
          0,
          7.319843292236328,
          -0.005344390869140625,
          0.000012874603271484375,
          1
        ],
        "children": [
          "Bip01-Neck"
        ],
        "jointName": "Bip01-Spine2"
      },
      "Bip01-Neck": {
        "name": "Bip01-Neck",
        "matrix": [
          0.9519356489181519,
          0.2906268239021301,
          -0.09671805799007414,
          0,
          -0.2645881144815166,
          0.9393149103100168,
          0.2183589188121324,
          0,
          0.1543096793236415,
          -0.18227319793273702,
          0.9710637917612608,
          0,
          7.135093688964844,
          -1.8605327606201172,
          -0.00043010711669921875,
          1
        ],
        "children": [
          "Bip01-Head",
          "Bip01-L-Clavicle",
          "Bip01-R-Clavicle"
        ],
        "jointName": "Bip01-Neck"
      },
      "Bip01-Head": {
        "name": "Bip01-Head",
        "matrix": [
          0.9855243563652039,
          -0.1506039202213287,
          0.0778464525938034,
          0,
          0.1544300017695808,
          0.9869469637504156,
          -0.04568539975290167,
          0,
          -0.06994992461395712,
          0.05704590598440115,
          0.995918104468181,
          0,
          2.446441650390625,
          -0.000003814697265625,
          -0.0000019073486328125,
          1
        ],
        "children": [
          "Bip01-HeadNub",
          "Bone11"
        ],
        "jointName": "Bip01-Head"
      },
      "Bip01-HeadNub": {
        "name": "Bip01-HeadNub",
        "matrix": [
          1.0000001192092896,
          -0.000000029802322387695312,
          0,
          0,
          0.00000002980232238769542,
          1.000000119209293,
          -0.00000023469328880310037,
          0,
          0.000000000000006994403387542625,
          0.00000023469326082548222,
          0.9999999999999991,
          0,
          9.019603729248047,
          -0.0000019073486328125,
          -0.00000095367431640625,
          1
        ]
      },
      "Bone11": {
        "name": "Bone11",
        "matrix": [
          0.2305770218372346,
          0.9730543494224547,
          -0.00000005029141902923582,
          0,
          0.9730542996732978,
          -0.23057701004857642,
          -0.0000001490116115067373,
          0,
          -0.0000001565923854123958,
          -0.000000014577622680666063,
          -1.0000001192092893,
          0,
          3.95947265625,
          1.7774162292480469,
          -0.000000476837158203125,
          1
        ],
        "jointName": "Bone11"
      },
      "Bip01-L-Clavicle": {
        "name": "Bip01-L-Clavicle",
        "matrix": [
          -0.20331108570098924,
          0.2633742988109589,
          0.9430265426635743,
          0,
          -0.2929358313087132,
          -0.9353885373290274,
          0.19808583298528204,
          0,
          0.9342662438981922,
          -0.2359730437046812,
          0.26732643027490044,
          0,
          -2.5072059631347656,
          1.05572509765625,
          0.6743474006652832,
          1
        ],
        "children": [
          "Bip01-L-UpperArm",
          "Bip01-LUpArmTwist"
        ],
        "jointName": "Bip01-L-Clavicle"
      },
      "Bip01-L-UpperArm": {
        "name": "Bip01-L-UpperArm",
        "matrix": [
          0.7275558710098264,
          0.1401956379413604,
          -0.6715708971023561,
          0,
          -0.1871868186713514,
          0.982321623516602,
          0.0022757653422798988,
          0,
          0.660017832836191,
          0.12405350460216678,
          0.7409368267962273,
          0,
          6.956830978393555,
          0.000003814697265625,
          0.0000152587890625,
          1
        ],
        "children": [
          "Bip01-L-Forearm"
        ]
      },
      "Bip01-L-Forearm": {
        "name": "Bip01-L-Forearm",
        "matrix": [
          0.08654291927814518,
          -0.9962482452392577,
          0.00000005960464477539062,
          0,
          0.9962481359160731,
          0.08654290978137524,
          0.00000011920928955078023,
          0,
          -0.00000012392040318231507,
          0.00000004906429563603013,
          1.0000001192092811,
          0,
          10.592084884643555,
          0.0000171661376953125,
          0.000003814697265625,
          1
        ],
        "children": [
          "Bip01-L-Hand"
        ],
        "jointName": "Bip01-L-Forearm"
      },
      "Bip01-L-Hand": {
        "name": "Bip01-L-Hand",
        "matrix": [
          0.9670116901397706,
          -0.22854620218276975,
          -0.1124928295612335,
          0,
          -0.21346724840176115,
          -0.48609471431101064,
          -0.8474337802809198,
          0,
          0.13899562802301546,
          0.8434920634243269,
          -0.5188464964212858,
          0,
          9.287906646728516,
          0.000011444091796875,
          0,
          1
        ],
        "children": [
          "Bip01-L-Finger0",
          "Bip01-L-Finger1",
          "Bip01-L-Finger2",
          "Bip01-L-Finger3",
          "Bip01-L-Finger4"
        ],
        "jointName": "Bip01-L-Hand"
      },
      "Bip01-L-Finger0": {
        "name": "Bip01-L-Finger0",
        "matrix": [
          0.7472919225692749,
          0.577296793460846,
          -0.32906389236450195,
          0,
          0.43686197765170737,
          -0.053678465026365585,
          0.8979259903479272,
          0,
          0.5007060768866366,
          -0.8147682228931316,
          -0.2923124593223808,
          0,
          1.6857404708862305,
          1.1524686813354492,
          -2.303150177001953,
          1
        ],
        "children": [
          "Bip01-L-Finger01"
        ],
        "jointName": "Bip01-L-Finger0"
      },
      "Bip01-R-Finger3Nub": {
        "name": "Bip01-R-Finger3Nub",
        "matrix": [
          -0.9999997615814211,
          -0.0006902813911442101,
          -0.000000033061951398849494,
          0,
          0.0006902813088904509,
          -0.9999996424133342,
          -0.0000001746229827404017,
          0,
          -0.00000003294140255447575,
          -0.00000017464577361753224,
          0.9999999403953522,
          0,
          1.1051921844482422,
          0.000003814697265625,
          0,
          1
        ]
      },
      "Bip01-R-Finger4": {
        "name": "Bip01-R-Finger4",
        "matrix": [
          0.8764058351516725,
          0.4048902392387391,
          -0.26072388887405396,
          0,
          -0.32908724453978766,
          0.8988006661072261,
          0.2895846470589796,
          0,
          0.35158872473878006,
          -0.167992731352927,
          0.920958159161001,
          0,
          3.528169631958008,
          0.3223915100097656,
          -1.776487946510315,
          1
        ],
        "children": [
          "Bip01-R-Finger41"
        ],
        "jointName": "Bip01-R-Finger4"
      },
      "Bip01-R-Finger41": {
        "name": "Bip01-R-Finger41",
        "matrix": [
          1,
          0,
          -0.000000007450580596923828,
          0,
          0.0000000000000002220446049250314,
          1.0000000000000004,
          0.000000029802322387695326,
          0,
          0.000000007450580596923831,
          -0.000000029802322387695326,
          1.0000000000000004,
          0,
          1.4410438537597656,
          0,
          -0.00000095367431640625,
          1
        ],
        "children": [
          "Bip01-R-Finger42"
        ],
        "jointName": "Bip01-R-Finger41"
      },
      "Bip01-R-Finger42": {
        "name": "Bip01-R-Finger42",
        "matrix": [
          1,
          0,
          -0.000000007450580596923828,
          0,
          0.0000000000000002220446049250314,
          1.0000000000000004,
          0.000000029802322387695326,
          0,
          0.000000007450580596923831,
          -0.000000029802322387695326,
          1.0000000000000004,
          0,
          0.9404735565185547,
          -0.000003814697265625,
          -0.000001430511474609375,
          1
        ],
        "children": [
          "Bip01-R-Finger4Nub"
        ],
        "jointName": "Bip01-R-Finger42"
      },
      "Bip01-R-Finger4Nub": {
        "name": "Bip01-R-Finger4Nub",
        "matrix": [
          -0.9999995827674865,
          -0.000690370798110437,
          0,
          0,
          0.0006903707981104372,
          -0.9999995827674865,
          -0.00000026449561119078997,
          0,
          0.00000000018260010065467484,
          -0.00000026449557971999534,
          0.9999999403953326,
          0,
          0.9055881500244141,
          0,
          -0.0000002384185791015625,
          1
        ]
      },
      "Bone14": {
        "name": "Bone14",
        "matrix": [
          0.3243976831436161,
          -0.003060653805732746,
          0.9459159970283508,
          0,
          -0.22192006688786906,
          0.9718391029512883,
          0.0792510316201598,
          0,
          -0.9195205498048243,
          -0.23562655030259658,
          0.3145830767177468,
          0,
          0.7691440582275391,
          1.5118217468261719,
          -6.213229656219482,
          1
        ],
        "children": [
          "dg01"
        ],
        "jointName": "Bone14"
      },
      "dg01": {
        "name": "dg01",
        "matrix": [
          0.9999999403953552,
          -0.00000004470348358154296,
          -0.00000004470348358154297,
          0,
          0.00000004470347958473981,
          1.0000002384185784,
          -0.00000038743019104004986,
          0,
          0.000000044703514223701426,
          0.00000038743018904165874,
          1.0000002384186069,
          0,
          45.628963470458984,
          -0.00000762939453125,
          0.000003814697265625,
          1
        ]
      },
      "Bip01-RUpArmTwist": {
        "name": "Bip01-RUpArmTwist",
        "matrix": [
          0.7167171835899355,
          0.15732763707637787,
          0.6793853640556334,
          0,
          0.0008238231010158278,
          0.9740274498686565,
          -0.22642802369158077,
          0,
          -0.697363500785672,
          0.16284457709039019,
          0.6979727217944025,
          0,
          6.9568328857421875,
          -0.00000095367431640625,
          0.000003814697265625,
          1
        ],
        "children": [
          "Bip01-RUpArmTwist1"
        ],
        "jointName": "Bip01-RUpArmTwist"
      },
      "Bip01-RUpArmTwist1": {
        "name": "Bip01-RUpArmTwist1",
        "matrix": [
          1,
          -0.00000005960464477539063,
          0.0000002682209014892578,
          0,
          0.00000005082324517536092,
          0.9994678497323469,
          0.03262117502319087,
          0,
          -0.00000027002250877957394,
          -0.03262117110478551,
          0.9994677296782271,
          0,
          5.2960357666015625,
          -0.0000019073486328125,
          0,
          1
        ],
        "jointName": "Bip01-RUpArmTwist1"
      },
      "Bip01-L-Thigh": {
        "name": "Bip01-L-Thigh",
        "matrix": [
          -0.9333197474479679,
          -0.1317099034786221,
          0.33401623368263245,
          0,
          0.13524823133460404,
          0.7327951685620832,
          0.666872455799718,
          0,
          -0.3325992314708408,
          0.6675804220153675,
          -0.6661187551180401,
          0,
          -3.2269649505615234,
          1.283884048461914,
          3.7936148643493652,
          1
        ],
        "children": [
          "Bip01-L-Calf"
        ],
        "jointName": "Bip01-L-Thigh"
      },
      "Bone02": {
        "name": "Bone02",
        "matrix": [
          0.9866734743118286,
          0.15813726186752317,
          -0.03831112384796142,
          0,
          -0.15663214755167,
          0.9868646276174861,
          0.03955208512353719,
          0,
          0.04406255124301342,
          -0.033024239514730755,
          0.9984825259023493,
          0,
          2.8457088470458984,
          0.00002288818359375,
          0.000003337860107421875,
          1
        ],
        "children": [
          "Bone03"
        ],
        "jointName": "Bone02"
      },
      "Bone03": {
        "name": "Bone03",
        "matrix": [
          0.9923546314239502,
          0.11686757206916808,
          -0.03967382013797761,
          0,
          -0.11681672374135443,
          0.9931468829952643,
          0.0036056041670810184,
          0,
          0.03982332601190232,
          0.0010565281435679255,
          0.9992064224647528,
          0,
          9.341001510620117,
          0.0000019073486328125,
          0.000012874603271484375,
          1
        ],
        "children": [
          "Bone07"
        ],
        "jointName": "Bone03"
      },
      "Bone07": {
        "name": "Bone07",
        "matrix": [
          0.9894859790802002,
          0.13407561182975766,
          -0.05423064529895784,
          0,
          -0.13387466894578376,
          0.9909709552064508,
          0.0073377192318866925,
          0,
          0.05472481291218634,
          -0.00000046061234345858334,
          0.9985013644776658,
          0,
          9.641324043273926,
          0,
          0.000012636184692382812,
          1
        ],
        "jointName": "Bone07"
      },
      "Bone17": {
        "name": "Bone17",
        "matrix": [
          -0.657880663871765,
          -0.4665039777755736,
          0.591242253780365,
          0,
          0.5622454669577671,
          0.21809108665320015,
          0.7976946462919465,
          0,
          -0.5010722125305432,
          0.8572108549615101,
          0.11881179559732898,
          0,
          -0.638702392578125,
          -3.478900909423828,
          6.894681930541992,
          1
        ],
        "children": [
          "Bone18"
        ],
        "jointName": "Bone17"
      },
      "Bone18": {
        "name": "Bone18",
        "matrix": [
          0.999558687210083,
          0.029069840908050548,
          -0.006103992462158204,
          0,
          -0.029134961163793004,
          0.9995164248472874,
          -0.01086503266751008,
          0,
          0.005785196646862102,
          0.011038078698812933,
          0.9999223942581107,
          0,
          6.447800636291504,
          -0.000003814697265625,
          0.0000057220458984375,
          1
        ],
        "jointName": "Bone18"
      },
      "K_ChangLeBangGaoShou001": {
        "name": "K_ChangLeBangGaoShou001",
        "matrix": [
          2.54,
          0,
          0,
          0,
          0,
          0.0000000000000005639932965095795,
          -2.5400000000000005,
          0,
          0,
          2.5400000000000005,
          0.0000000000000005639932965095795,
          0,
          0,
          0,
          0,
          1
        ],
        "skin": "skin_K_ChangLeBangGaoShou001",
        "meshes": [
          "mesh_M_ChangLeBangGaoShou001_a_MI_128",
          "mesh_M_ChangLeBangGaoShou001_b_MI_129",
          "mesh_M_ChangLeBangGaoShou001_c_MI_130",
          "mesh_M_ChangLeBangGaoShou001_wq_MI_131"
        ]
      },
      "Bip01-L-Finger01": {
        "name": "Bip01-L-Finger01",
        "matrix": [
          0.7357316613197327,
          0.677273154258728,
          -0.000000007450580596923828,
          0,
          -0.6772731245582535,
          0.7357316290556741,
          -0.00000015646219253540002,
          0,
          -0.00000010048600100279774,
          0.0000001201602502772937,
          0.9999998211860632,
          0,
          1.2276735305786133,
          0.000003814697265625,
          0,
          1
        ],
        "children": [
          "Bip01-L-Finger02"
        ],
        "jointName": "Bip01-L-Finger01"
      },
      "Bip01-L-Finger02": {
        "name": "Bip01-L-Finger02",
        "matrix": [
          1,
          0.000000029802322387695312,
          0.000000029802322387695306,
          0,
          -0.00000002980232149951688,
          0.9999999999999996,
          -0.000000029802322387695286,
          0,
          -0.00000002980232682858746,
          0.000000029802325052230426,
          1.0000001192092887,
          0,
          0.9520912170410156,
          -0.0000019073486328125,
          0.0000019073486328125,
          1
        ],
        "children": [
          "Bip01-L-Finger0Nub"
        ],
        "jointName": "Bip01-L-Finger02"
      },
      "Bip01-L-Finger0Nub": {
        "name": "Bip01-L-Finger0Nub",
        "matrix": [
          0.9999999403953552,
          0,
          0.000000014901161193847656,
          0,
          0.000000000000017541524834634023,
          1.0000000000000016,
          -0.0000011771917343139778,
          0,
          -0.00000001490116385838324,
          0.000001177191874646179,
          1.0000001192093004,
          0,
          0.8882236480712891,
          0.0000019073486328125,
          -0.0000057220458984375,
          1
        ]
      },
      "Bip01-L-Finger1": {
        "name": "Bip01-L-Finger1",
        "matrix": [
          -0.05598213523626335,
          0.9942381381988525,
          0.09141404181718829,
          0,
          -0.9874107202703718,
          -0.06869810861414287,
          0.14248269600028518,
          0,
          0.14794167460284852,
          -0.0822867039838095,
          0.9855670793142698,
          0,
          3.770641326904297,
          -0.17337799072265625,
          -1.3427467346191406,
          1
        ],
        "children": [
          "Bip01-L-Finger11"
        ],
        "jointName": "Bip01-L-Finger1"
      },
      "Bip01-L-Finger11": {
        "name": "Bip01-L-Finger11",
        "matrix": [
          0.08235864341259014,
          0.9966026544570923,
          0,
          0,
          -0.996602834504282,
          0.08235865829158139,
          0.00000001490116119384766,
          0,
          0.000000014850535361474021,
          -0.000000001227239302295433,
          0.9999998807907109,
          0,
          1.7271080017089844,
          0.000001430511474609375,
          0,
          1
        ],
        "children": [
          "Bip01-L-Finger12"
        ],
        "jointName": "Bip01-L-Finger11"
      },
      "Bip01-L-Finger12": {
        "name": "Bip01-L-Finger12",
        "matrix": [
          1.0000001192092896,
          0.000000003725290298461914,
          0,
          0,
          -0.000000003725290298461914,
          1.0000001192092896,
          0,
          0,
          0,
          0,
          1.0000000000000004,
          0,
          1.0268182754516602,
          0.0000019073486328125,
          0,
          1
        ],
        "children": [
          "Bip01-L-Finger1Nub"
        ],
        "jointName": "Bip01-L-Finger12"
      },
      "Bip01-L-Finger1Nub": {
        "name": "Bip01-L-Finger1Nub",
        "matrix": [
          1,
          0.000000003725290298461914,
          -0.00000011920928955078125,
          0,
          -0.000000003725419972511191,
          1,
          -0.0000010877847671508556,
          0,
          0.00000011920928549846466,
          0.0000010877847675949368,
          0.9999999999999786,
          0,
          1.0072498321533203,
          -0.0000019073486328125,
          -0.00000762939453125,
          1
        ]
      },
      "Bip01-L-Finger2": {
        "name": "Bip01-L-Finger2",
        "matrix": [
          0.03339636698365202,
          0.9985969662666321,
          -0.04109527915716172,
          0,
          -0.9977823495855633,
          0.03094369246706681,
          -0.058936893568889696,
          0,
          -0.05758255312415937,
          0.042972414623114845,
          0.9974156555318366,
          0,
          3.91046142578125,
          -0.019866943359375,
          -0.25632476806640625,
          1
        ],
        "children": [
          "Bip01-L-Finger21"
        ],
        "jointName": "Bip01-L-Finger2"
      },
      "Bip01-L-Finger21": {
        "name": "Bip01-L-Finger21",
        "matrix": [
          0.06428157538175558,
          0.9979315996170043,
          0,
          0,
          -0.9979318375283533,
          0.06428159070677017,
          -0.00000000745058059692383,
          0,
          -0.000000007435171026196281,
          0.000000000478935136416275,
          1,
          0,
          2.277263641357422,
          -0.0000057220458984375,
          0.000003814697265625,
          1
        ],
        "children": [
          "Bip01-L-Finger22"
        ],
        "jointName": "Bip01-L-Finger21"
      },
      "Bip01-L-Finger22": {
        "name": "Bip01-L-Finger22",
        "matrix": [
          1,
          0,
          0.000000029802322387695312,
          0,
          0,
          1,
          0,
          0,
          -0.00000002980232594040898,
          0,
          1.000000119209289,
          0,
          1.147965431213379,
          -0.0000019073486328125,
          0.000003814697265625,
          1
        ],
        "children": [
          "Bip01-L-Finger2Nub"
        ],
        "jointName": "Bip01-L-Finger22"
      },
      "Bip01-L-Finger2Nub": {
        "name": "Bip01-L-Finger2Nub",
        "matrix": [
          1,
          -0.0000000000000000000000000000031554436208840486,
          0.000000029802322387695312,
          0,
          0.000000000000031752378504279464,
          1,
          -0.000001065433025360107,
          0,
          -0.0000000298023223876953,
          0.0000010654330253601074,
          0.9999999999999996,
          0,
          1.3300056457519531,
          -0.0000057220458984375,
          0.000003814697265625,
          1
        ]
      },
      "Bip01-L-Finger3": {
        "name": "Bip01-L-Finger3",
        "matrix": [
          0.9390430450439454,
          0.32623425126075745,
          0.10848838090896609,
          0,
          -0.306098279033925,
          0.937021176558736,
          -0.1682110265678864,
          0,
          -0.15653211837453246,
          0.12474929567406913,
          0.979763022781722,
          0,
          3.8492555618286133,
          0.159698486328125,
          0.8913078308105469,
          1
        ],
        "children": [
          "Bip01-L-Finger31"
        ],
        "jointName": "Bip01-L-Finger3"
      },
      "Bip01-L-Finger31": {
        "name": "Bip01-L-Finger31",
        "matrix": [
          1.0000001192092896,
          0,
          -0.00000017881393432617188,
          0,
          0.000000000000002664534941463045,
          0.9999998807907106,
          0.000000014901161193847583,
          0,
          0.00000017881391300989147,
          -0.000000014901162970205035,
          0.999999999999995,
          0,
          1.8866252899169922,
          -0.000000476837158203125,
          0.00000762939453125,
          1
        ],
        "children": [
          "Bip01-L-Finger32"
        ],
        "jointName": "Bip01-L-Finger31"
      },
      "Bip01-L-Finger32": {
        "name": "Bip01-L-Finger32",
        "matrix": [
          0.9999998211860657,
          -0.00000003725290298461914,
          0.00000005960464477539061,
          0,
          0.00000003725290920186917,
          0.999999821186065,
          -0.00000010430812835693325,
          0,
          -0.000000059604644442323155,
          0.00000010430813679462984,
          0.9999998807907073,
          0,
          1.1788005828857422,
          0.000000476837158203125,
          0,
          1
        ],
        "children": [
          "Bip01-L-Finger3Nub"
        ],
        "jointName": "Bip01-L-Finger32"
      },
      "Bip01-L-Finger3Nub": {
        "name": "Bip01-L-Finger3Nub",
        "matrix": [
          1,
          -0.00000005960464477539062,
          0.000000029802322387695312,
          0,
          0.00000005960467452936758,
          0.9999999403953534,
          -0.0000011175870895385753,
          0,
          -0.000000029802255774309802,
          0.0000011175871579283178,
          1.000000000000001,
          0,
          1.1051931381225586,
          0.000000476837158203125,
          0.000003814697265625,
          1
        ]
      },
      "Bip01-L-Finger4": {
        "name": "Bip01-L-Finger4",
        "matrix": [
          0.8764057755470275,
          0.4048902690410613,
          0.2607238590717315,
          0,
          -0.32908724543289586,
          0.8988005135340918,
          -0.28958461819191644,
          0,
          -0.3515887693784638,
          0.16799275296391816,
          0.9209582813446563,
          0,
          3.52817440032959,
          0.32239341735839844,
          1.7764854431152344,
          1
        ],
        "children": [
          "Bip01-L-Finger41"
        ],
        "jointName": "Bip01-L-Finger4"
      },
      "Bip01-L-Finger41": {
        "name": "Bip01-L-Finger41",
        "matrix": [
          0.9999999403953552,
          0.000000029802322387695312,
          0.00000002980232238769532,
          0,
          -0.000000029802322831784536,
          0.9999999999999994,
          -0.00000004470348358154294,
          0,
          -0.00000002980232904903398,
          0.00000004470348802243483,
          1.0000001192092889,
          0,
          1.4410419464111328,
          0,
          0.0000019073486328125,
          1
        ],
        "children": [
          "Bip01-L-Finger42"
        ],
        "jointName": "Bip01-L-Finger41"
      },
      "Bip01-L-Finger42": {
        "name": "Bip01-L-Finger42",
        "matrix": [
          1,
          0.000000029802322387695312,
          0.000000029802322387695312,
          0,
          -0.000000029802321055427676,
          0.9999999999999997,
          -0.000000044703483581542936,
          0,
          -0.00000002980232727267674,
          0.00000004470348802243492,
          1.0000001192092889,
          0,
          0.9404697418212891,
          -0.0000019073486328125,
          0.000003814697265625,
          1
        ],
        "children": [
          "Bip01-L-Finger4Nub"
        ],
        "jointName": "Bip01-L-Finger42"
      },
      "Bip01-L-Finger4Nub": {
        "name": "Bip01-L-Finger4Nub",
        "matrix": [
          0.9999999999999999,
          0.000000014901161193847655,
          0.00000005960464477539063,
          0,
          -0.000000014901094580466204,
          1.000000119209291,
          -0.000001147389411926212,
          0,
          -0.00000005960466187282016,
          0.0000011473892742585177,
          0.9999999999999497,
          0,
          0.9055938720703125,
          0,
          0.0000019073486328125,
          1
        ]
      },
      "Bip01-LUpArmTwist": {
        "name": "Bip01-LUpArmTwist",
        "matrix": [
          0.7275558710098264,
          0.1401956677436829,
          -0.6715711355209351,
          0,
          -0.15676808478991722,
          0.9869716331299595,
          0.036201089339551344,
          0,
          0.6678968828886152,
          0.0789426040469361,
          0.7400551976925558,
          0,
          6.956830978393555,
          0.000003814697265625,
          0.0000152587890625,
          1
        ],
        "children": [
          "Bip01-LUpArmTwist1"
        ],
        "jointName": "Bip01-LUpArmTwist"
      },
      "Bone05": {
        "name": "Bone05",
        "matrix": [
          0.9975666403770447,
          -0.06803807616233826,
          -0.015219792723655702,
          0,
          0.06803754563898057,
          0.9976826780225081,
          -0.0005535036328209971,
          0,
          0.015222179683610334,
          -0.00048336048094013,
          0.9998838906497052,
          0,
          5.460587501525879,
          -0.00000762939453125,
          -0.0000019073486328125,
          1
        ],
        "children": [
          "Bone06"
        ],
        "jointName": "Bone05"
      },
      "Bone06": {
        "name": "Bone06",
        "matrix": [
          0.9976220130920411,
          -0.031886130571365356,
          -0.06110098212957381,
          0,
          0.032006313846648746,
          0.9994870484571157,
          0.0009889975210066438,
          0,
          0.06103812814313853,
          -0.0029422640246593444,
          0.9981312175811166,
          0,
          6.382325172424316,
          0.0000019073486328125,
          -0.000003814697265625,
          1
        ],
        "children": [
          "Bone08"
        ],
        "jointName": "Bone06"
      },
      "Bone08": {
        "name": "Bone08",
        "matrix": [
          0.9975204467773438,
          -0.0668267607688904,
          -0.02207108587026596,
          0,
          0.06683015460854365,
          0.9977643572112069,
          -0.0005851238965539638,
          0,
          0.02206084486457299,
          -0.000891341035372361,
          0.9997563957401676,
          0,
          9.47867202758789,
          0,
          -0.0000057220458984375,
          1
        ],
        "jointName": "Bone08"
      },
      "Bone15": {
        "name": "Bone15",
        "matrix": [
          -0.7437272667884827,
          0.4247045218944544,
          0.5162325501441954,
          0,
          0.3682453710743289,
          -0.38422053355064223,
          0.8466229439003794,
          0,
          0.5579116822286986,
          0.819756732423729,
          0.1293597999600792,
          0,
          0.8418083190917969,
          6.250489234924316,
          8.60184383392334,
          1
        ],
        "children": [
          "Bone16"
        ],
        "jointName": "Bone15"
      },
      "Bone16": {
        "name": "Bone16",
        "matrix": [
          0.9964444637298584,
          0.07753857970237733,
          0.032958447933197015,
          0,
          -0.07737438450998313,
          0.9969827543789178,
          -0.006230562896760949,
          0,
          -0.03334210925012471,
          0.0036582698479770415,
          0.9994373275691895,
          0,
          7.167567253112793,
          0.00003719329833984375,
          -0.000030517578125,
          1
        ],
        "jointName": "Bone16"
      },
      "Bone09": {
        "name": "Bone09",
        "matrix": [
          -0.6039990186691283,
          0.4728144705295564,
          -0.6415854096412658,
          0,
          -0.4344868689641915,
          0.47952329139639277,
          0.7624163303225274,
          0,
          0.6681366655907462,
          0.7392592006020038,
          -0.08419992416464103,
          0,
          0.9036674499511719,
          7.210419654846191,
          -7.221951007843018,
          1
        ],
        "children": [
          "Bone10"
        ],
        "jointName": "Bone09"
      },
      "Bone10": {
        "name": "Bone10",
        "matrix": [
          0.9825112819671632,
          -0.10979132354259492,
          0.15039244294166568,
          0,
          0.11198450701939129,
          0.9936909028309524,
          -0.006166547466725306,
          0,
          -0.14876654282944674,
          0.022900322010923718,
          0.9886072761646892,
          0,
          7.204350471496582,
          0.0000057220458984375,
          -0.00000762939453125,
          1
        ],
        "jointName": "Bone10"
      },
      "Bone12": {
        "name": "Bone12",
        "matrix": [
          -0.7419248819351195,
          -0.014171430841088534,
          -0.6703332662582396,
          0,
          -0.6206551386921972,
          -0.36369782229409753,
          0.6946300183362047,
          0,
          -0.2536426580920875,
          0.9314091088756302,
          0.2610409003930891,
          0,
          -1.0098400115966797,
          -4.758495807647705,
          -6.591445446014404,
          1
        ],
        "children": [
          "Bone13"
        ],
        "jointName": "Bone12"
      },
      "Bone13": {
        "name": "Bone13",
        "matrix": [
          0.9991476535797118,
          0.038047432899475105,
          0.01602451503276825,
          0,
          -0.03780626131047474,
          0.9991713102813276,
          -0.015093505390494671,
          0,
          -0.0165854982835843,
          0.014474807791867203,
          0.9997577076460294,
          0,
          6.511821746826172,
          0.000003814697265625,
          0,
          1
        ],
        "jointName": "Bone13"
      },
      "Bone01": {
        "name": "Bone01",
        "matrix": [
          -0.6649349331855773,
          -0.7387864589691162,
          0.10980064421892168,
          0,
          -0.7229303462522362,
          0.6735469335791089,
          0.15396733457822548,
          0,
          -0.1877048731264944,
          0.02300004207650098,
          -0.9819560567801632,
          0,
          2.9364166259765625,
          -4.943664073944092,
          0.00002384185791015625,
          1
        ],
        "children": [
          "Bone02"
        ],
        "jointName": "Bone01"
      },
      "Bip01-L-Calf": {
        "name": "Bip01-L-Calf",
        "matrix": [
          0.8080078959465027,
          -0.5891717672348021,
          -0.00000011920928955078124,
          0,
          0.5891716821094761,
          0.8080077792030563,
          0.000000059604644775390426,
          0,
          0.00000006120466022443605,
          -0.0000001183957628317823,
          0.9999999999999967,
          0,
          18.578855514526367,
          0.000004291534423828125,
          0.00000762939453125,
          1
        ],
        "children": [
          "Bip01-L-Foot"
        ],
        "jointName": "Bip01-L-Calf"
      },
      "Bip01-L-Foot": {
        "name": "Bip01-L-Foot",
        "matrix": [
          0.6502125263214111,
          0.5151777863502504,
          0.5584049224853517,
          0,
          -0.39243542130545545,
          0.8570807921138642,
          -0.3337767111184474,
          0,
          -0.650552316654194,
          -0.0021120719192142794,
          0.759458487515479,
          0,
          14.034379959106445,
          -0.00000095367431640625,
          0.0000019073486328125,
          1
        ],
        "children": [
          "Bip01-L-Toe0"
        ],
        "jointName": "Bip01-L-Foot"
      },
      "Bip01-L-Toe0": {
        "name": "Bip01-L-Toe0",
        "matrix": [
          0,
          1.0000000000000002,
          0.0000000894091556347121,
          0,
          -1.0000001192092898,
          0.0000000000000017763570511584877,
          -0.000000020267066247470218,
          0,
          -0.000000020267063831448112,
          -0.0000000894091556347121,
          1,
          0,
          4.820715427398682,
          6.667253494262695,
          0,
          1
        ],
        "children": [
          "Bip01-L-Toe0Nub"
        ],
        "jointName": "Bip01-L-Toe0"
      },
      "Bip01-L-Toe0Nub": {
        "name": "Bip01-L-Toe0Nub",
        "matrix": [
          -0.9999999403953556,
          0.0006906111375426921,
          -0.000000119949888244264,
          0,
          -0.0006906109729031113,
          -0.9999997019768901,
          0.00000012402506399666893,
          0,
          -0.0000001198641779597303,
          0.00000012410787310777042,
          0.9999999403953552,
          0,
          2.8172857761383057,
          -0.0000008344650268554688,
          0,
          1
        ]
      },
      "Bip01-R-Thigh": {
        "name": "Bip01-R-Thigh",
        "matrix": [
          -0.4653792381286619,
          0.812313914299011,
          -0.35152289271354675,
          0,
          0.8790653680155084,
          0.470526311604769,
          -0.07647781077493208,
          0,
          0.10327680113996715,
          -0.34460285581262506,
          -0.9330503944786598,
          0,
          -2.814544677734375,
          0.5077352523803711,
          -4.27374792098999,
          1
        ],
        "children": [
          "Bip01-R-Calf"
        ],
        "jointName": "Bip01-R-Thigh"
      },
      "Bip01-R-Calf": {
        "name": "Bip01-R-Calf",
        "matrix": [
          0.1877640187740325,
