{
    "asset": {
      "generator": "tmx:FBX2GLTF",
      "premultipliedAlpha": true,
      "profile": {
        "api": "WebGL",
        "version": "1.0.2"
      },
      "version": "1.0"
    },
    "scene": "test",
    "scenes": {
      "test": {
        "nodes": [
          "RootNode"
        ]
      }
    },
    "nodes": {
      "RootNode": {
        "name": "RootNode",
        "children": [
          "Sky001",
          "Bip01",
          "K_ChangLeBangGaoShou001"
        ]
      },
      "Bip01-Spine": {
        "name": "Bip01-Spine",
        "matrix": [
          0.9854809641838075,
          0.16167253255844116,
          -0.05185725539922713,
          0,
          -0.1690908124561751,
          0.9621545634536455,
          -0.21369838843973477,
          0,
          0.015345538056799871,
          0.21936431919949942,
          0.9755225240638121,
          0,
          3.0833969116210938,
          0.6823720932006836,
          0.021912753582000732,
          1
        ],
        "children": [
          "Bip01-Spine1",
          "Bip01-L-Thigh",
          "Bip01-R-Thigh"
        ],
        "jointName": "Bip01-Spine"
      },
      "Sky001": {
        "name": "Sky001",
        "matrix": [
          2.54,
          0,
          0,
          0,
          0,
          2.5400000000000005,
          -0.00000000000000000000000000000012523166870383563,
          0,
          0,
          0.00000000000000000000000000000012523166870383563,
          2.5400000000000005,
          0,
          0,
          0,
          0,
          1
        ]
      },
      "Bip01": {
        "name": "Bip01",
        "matrix": [
          0.08303075432777432,
          -1.1015527963638312,
          2.2872012650966647,
          0,
          2.5372759354087835,
          -0.03907719464853208,
          -0.11092925304198006,
          0,
          0.0832959950434152,
          2.2883744016125074,
          1.0990939583169939,
          0,
          0.8902545261383055,
          96.94739639282226,
          -0.3990345853567121,
          1
        ],
        "children": [
          "Bip01-Pelvis"
        ]
      },
      "Bip01-Pelvis": {
        "name": "Bip01-Pelvis",
        "matrix": [
          -0.21778094768524175,
          0.006516903638839597,
          0.9759761095046996,
          0,
          0.9741978030850983,
          -0.05925042951731819,
          0.2177797674128969,
          0,
          0.05924625698243073,
          0.9982221254693151,
          0.006554861874480223,
          0,
          -0.0000019073486328125,
          0,
          0,
          1
        ],
        "children": [
          "Bip01-Spine",
          "Bone04",
          "Bone15",
          "Bone09",
          "Bone12",
          "Bone01",
          "Bone17"
        ],
        "jointName": "Bip01-Pelvis"
      },
      "Bip01-Spine1": {
        "name": "Bip01-Spine1",
        "matrix": [
          0.9974735975265503,
          0.026826709508895867,
          0.06577759981155397,
          0,
          -0.012601130156573888,
          0.978087008835778,
          -0.20781484075804085,
          0,
          -0.0699112023446052,
          0.20646093921678454,
          0.9759539881767063,
          0,
          7.109306335449219,
          -0.005702972412109375,
          0.0012118816375732422,
          1
        ],
        "children": [
          "Bip01-Spine2"
        ],
        "jointName": "Bip01-Spine1"
      },
      "Bip01-L-Finger2Nub": {
        "name": "Bip01-L-Finger2Nub",
        "matrix": [
          0.9999999999999999,
          0.000000011175870895385744,
          -0.0000001490116119384766,
          0,
          -0.000000011175965625165323,
          1.0000001192092898,
          -0.0000006267800927162131,
          0,
          0.0000001490116049336631,
          0.0000006267800196635568,
          0.9999999999999937,
          0,
          1.3300094604492188,
          -0.00000095367431640625,
          0,
          1
        ]
      },
      "Bip01-L-Finger3": {
        "name": "Bip01-L-Finger3",
        "matrix": [
          0.7978075742721557,
          0.602600574493408,
          -0.019383549690246582,
          0,
          -0.5958612289363391,
          0.7831671747540877,
          -0.17775960979260153,
          0,
          -0.09193747358622524,
          0.1533678529025293,
          0.9838829206264608,
          0,
          3.84926176071167,
          0.15970611572265625,
          0.8913049697875977,
          1
        ],
        "children": [
          "Bip01-L-Finger31"
        ],
        "jointName": "Bip01-L-Finger3"
      },
      "Bip01-L-Finger31": {
        "name": "Bip01-L-Finger31",
        "matrix": [
          0.8522424697875977,
          0.5231470465660096,
          -0.0000001490116119384766,
          0,
          -0.5231471426026364,
          0.8522426262378461,
          -0.00000004470348358154258,
          0,
          0.00000010360752689255694,
          0.0000001160531780299691,
          0.9999999999999915,
          0,
          1.8866214752197266,
          -0.000003814697265625,
          -0.0000019073486328125,
          1
        ],
        "children": [
          "Bip01-L-Finger32"
        ],
        "jointName": "Bip01-L-Finger31"
      },
      "Bip01-L-Finger32": {
        "name": "Bip01-L-Finger32",
        "matrix": [
          0.9943403005599976,
          0.10623933374881746,
          -0.0000001490116119384766,
          0,
          -0.10623935767352714,
          0.9943405244816216,
          -0.00000012665987014770301,
          0,
          0.00000013471205462901596,
          0.00000014177394336495348,
          0.9999998807906941,
          0,
          1.1788101196289062,
          0.000003814697265625,
          0.00000762939453125,
          1
        ],
        "children": [
          "Bip01-L-Finger3Nub"
        ],
        "jointName": "Bip01-L-Finger32"
      },
      "Bip01-L-Finger3Nub": {
        "name": "Bip01-L-Finger3Nub",
        "matrix": [
          0.9999998807907104,
          -0.00000005960464477539063,
          -0.000000029802322387695312,
          0,
          0.00000005960463678178379,
          0.9999999999999982,
          -0.0000005066394805908241,
          0,
          0.000000029802356138479404,
          0.0000005066394788144702,
          1.0000000000000075,
          0,
          1.105194091796875,
          0.0000019073486328125,
          0.00000762939453125,
          1
        ]
      },
      "Bip01-L-Finger4": {
        "name": "Bip01-L-Finger4",
        "matrix": [
          0.8764057755470276,
          0.40489014983177185,
          0.26072379946708674,
          0,
          -0.32908730503367334,
          0.8988007583739184,
          -0.2895844533200715,
          0,
          -0.3515886418928764,
          0.16799259511822118,
          0.9209583852889479,
          0,
          3.5281810760498047,
          0.32239532470703125,
          1.7764806747436523,
          1
        ],
        "children": [
          "Bip01-L-Finger41"
        ],
        "jointName": "Bip01-L-Finger4"
      },
      "Bip01-L-Finger41": {
        "name": "Bip01-L-Finger41",
        "matrix": [
          0.9730865955352782,
          0.23043918609619138,
          0.00000002980232238769531,
          0,
          -0.23043917114803364,
          0.97308653241298,
          -0.00000002980232238769528,
          0,
          -0.00000003586787308497155,
          0.000000022132625132264406,
          0.9999999999999991,
          0,
          1.4410514831542969,
          0,
          0.00000762939453125,
          1
        ],
        "children": [
          "Bip01-L-Finger42"
        ],
        "jointName": "Bip01-L-Finger41"
      },
      "Bip01-L-Finger42": {
        "name": "Bip01-L-Finger42",
        "matrix": [
          1.0000001192092896,
          -0.000000029802322387695312,
          -0.00000005960464477539062,
          0,
          0.00000002980231528226879,
          0.9999999999999996,
          -0.000000059604644775390546,
          0,
          0.00000005960464655174733,
          0.00000005960465010446138,
          1.0000001192092882,
          0,
          0.9404678344726562,
          -0.000003814697265625,
          -0.0000019073486328125,
          1
        ],
        "children": [
          "Bip01-L-Finger4Nub"
        ],
        "jointName": "Bip01-L-Finger42"
      },
      "Bip01-L-Finger4Nub": {
        "name": "Bip01-L-Finger4Nub",
        "matrix": [
          1,
          0,
          0,
          0,
          0,
          1.0000000000000004,
          -0.0000004768371582031187,
          0,
          0,
          0.0000004768371013596933,
          0.9999998807906971,
          0,
          0.9055843353271484,
          0,
          0.0000019073486328125,
          1
        ]
      },
      "Bip01-LUpArmTwist": {
        "name": "Bip01-LUpArmTwist",
        "matrix": [
          0.8839408159255981,
          -0.26112878322601324,
          -0.387892246246338,
          0,
          0.2932361257969839,
          0.9557172736366044,
          0.024847342570795322,
          0,
          0.36422692988683675,
          -0.1357075871773612,
          0.9213698138050432,
          0,
          6.956835746765137,
          -0.0000095367431640625,
          0,
          1
        ],
        "children": [
          "Bip01-LUpArmTwist1"
        ],
        "jointName": "Bip01-LUpArmTwist"
      },
      "Bip01-R-Finger11": {
        "name": "Bip01-R-Finger11",
        "matrix": [
          0.3509145379066468,
          0.9364073276519775,
          -0.0000000055879354476928694,
          0,
          -0.9364075562974721,
          0.3509146235905427,
          -0.000000014901161193847722,
          0,
          -0.000000011992668983318656,
          0.000000010461619695785224,
          1.0000000000000044,
          0,
          1.7271080017089844,
          -0.00000476837158203125,
          -0.00000095367431640625,
          1
        ],
        "children": [
          "Bip01-R-Finger12"
        ],
        "jointName": "Bip01-R-Finger11"
      },
      "Bip01-R-Finger12": {
        "name": "Bip01-R-Finger12",
        "matrix": [
          0.6758251786231995,
          0.7370620965957643,
          0.00000007450580596923831,
          0,
          -0.7370621910480127,
          0.6758252652281366,
          -0.00000011920928955078103,
          0,
          -0.000000138217508743867,
          0.00000002564921823243299,
          0.9999999999999983,
          0,
          1.0268135070800781,
          0,
          0.000002384185791015625,
          1
        ],
        "children": [
          "Bip01-R-Finger1Nub"
        ],
        "jointName": "Bip01-R-Finger12"
      },
      "Bip01-R-Finger1Nub": {
        "name": "Bip01-R-Finger1Nub",
        "matrix": [
          -0.9999995827674868,
          0.0006906688213347526,
          -0.000001475214958190918,
          0,
          -0.0006906688642035522,
          -0.999999642289775,
          0.0000011920928955077922,
          0,
          -0.0000014743913525846435,
          0.0000011931114963882878,
          0.9999998807906931,
          0,
          1.007253646850586,
          0,
          0.000000476837158203125,
          1
        ]
      },
      "Bip01-R-Finger2": {
        "name": "Bip01-R-Finger2",
        "matrix": [
          0.17239272594451913,
          0.9844934940338136,
          0.032463103532791124,
          0,
          -0.9833440866563933,
          0.17007787031777757,
          0.06409771730662048,
          0,
          0.05758250459958687,
          -0.04297236203318098,
          0.9974156006861868,
          0,
          3.910458564758301,
          -0.019863128662109375,
          0.2563190460205078,
          1
        ],
        "children": [
          "Bip01-R-Finger21"
        ],
        "jointName": "Bip01-R-Finger2"
      },
      "Bip01-R-Finger21": {
        "name": "Bip01-R-Finger21",
        "matrix": [
          0.3533439040184024,
          0.9354935288429259,
          -0.000000026077032089233392,
          0,
          -0.9354936951827866,
          0.35334396684638525,
          -0.00000016391277313232533,
          0,
          -0.00000014412512557294397,
          0.00000008231244914428982,
          0.9999998807907173,
          0,
          2.2772598266601562,
          -0.000003814697265625,
          -0.00000095367431640625,
          1
        ],
        "children": [
          "Bip01-R-Finger22"
        ],
        "jointName": "Bip01-R-Finger21"
      },
      "Bip01-R-Finger22": {
        "name": "Bip01-R-Finger22",
        "matrix": [
          0.6758251190185545,
          0.7370620369911195,
          -0.00000005215406417846681,
          0,
          -0.7370622232053445,
          0.6758252897616535,
          0.00000010430812835693362,
          0,
          0.00000011212855783886834,
          -0.00000003205325154641544,
          0.9999999403953556,
          0,
          1.147970199584961,
          -0.000003814697265625,
          0.00000286102294921875,
          1
        ],
        "children": [
          "Bip01-R-Finger2Nub"
        ],
        "jointName": "Bip01-R-Finger22"
      },
      "Bip01-R-Finger2Nub": {
        "name": "Bip01-R-Finger2Nub",
        "matrix": [
          -0.9999998807907104,
          0.0006904900074004274,
          -0.0000015422701835632326,
          0,
          -0.0006904899682359085,
          -0.9999998210420671,
          0.0000013560056686396274,
          0,
          -0.0000015413335076419005,
          0.0000013570703484708276,
          1.000000119208914,
          0,
          1.3300094604492188,
          0.00000762939453125,
          -0.00000095367431640625,
          1
        ]
      },
      "Bip01-R-Finger3": {
        "name": "Bip01-R-Finger3",
        "matrix": [
          0.02700528502464268,
          0.9921610951423645,
          0.1220133304595947,
          0,
          -0.9873036739185145,
          0.007359773238589897,
          0.15867394464786597,
          0,
          0.15653213371950286,
          -0.12474925207927054,
          0.9797631064102201,
          0,
          3.8492565155029297,
          0.15970611572265625,
          -0.8913192749023438,
          1
        ],
        "children": [
          "Bip01-R-Finger31"
        ],
        "jointName": "Bip01-R-Finger3"
      },
      "Bip01-R-Finger31": {
        "name": "Bip01-R-Finger31",
        "matrix": [
          0.5153222084045411,
          0.8569965362548829,
          0.00000004842877388000489,
          0,
          -0.8569966063542558,
          0.5153222505561336,
          -0.00000010430812835693347,
          0,
          -0.00000011434810852361676,
          0.000000012248997952455297,
          0.9999999403953543,
          0,
          1.8866119384765625,
          0.00000095367431640625,
          -0.00000095367431640625,
          1
        ],
        "children": [
          "Bip01-R-Finger32"
        ],
        "jointName": "Bip01-R-Finger31"
      },
      "Bip01-R-Finger32": {
        "name": "Bip01-R-Finger32",
        "matrix": [
          0.67582505941391,
          0.7370619177818296,
          0.00000009685754776000977,
          0,
          -0.7370619177818356,
          0.6758250594139036,
          0.00000008940696716308554,
          0,
          0.00000000043971280673109175,
          -0.00000013181350758987552,
          0.9999999999999953,
          0,
          1.178802490234375,
          0,
          0.000003337860107421875,
          1
        ],
        "children": [
          "Bip01-R-Finger3Nub"
        ],
        "jointName": "Bip01-R-Finger32"
      },
      "Bip01-Spine2": {
        "name": "Bip01-Spine2",
        "matrix": [
          0.9931678771972656,
          -0.11412578821182251,
          -0.024345949292182922,
          0,
          0.11666552645363377,
          0.9664915193657653,
          0.22865597621960157,
          0,
          -0.0025653899841737867,
          -0.22993410265663042,
          0.9732028722046445,
          0,
          7.319309234619141,
          -0.0051670074462890625,
          -0.0012216567993164062,
          1
        ],
        "children": [
          "Bip01-Neck"
        ],
        "jointName": "Bip01-Spine2"
      },
      "Bip01-Neck": {
        "name": "Bip01-Neck",
        "matrix": [
          0.7802070379257202,
          0.6144040226936339,
          0.1174084469676018,
          0,
          -0.6226173053784892,
          0.7808480971192484,
          0.05122452228304183,
          0,
          -0.06020561984761744,
          -0.11306628245645793,
          0.9917619226509764,
          0,
          7.135795593261719,
          -1.8602275848388672,
          -0.00009965896606445312,
          1
        ],
        "children": [
          "Bip01-Head",
          "Bip01-L-Clavicle",
          "Bip01-R-Clavicle"
        ],
        "jointName": "Bip01-Neck"
      },
      "Bip01-Head": {
        "name": "Bip01-Head",
        "matrix": [
          0.7887762784957887,
          -0.6038290262222289,
          -0.11499276012182237,
          0,
          0.6123634318614624,
          0.788159079159972,
          0.061781451159993644,
          0,
          0.05332711876325013,
          -0.11914902465159521,
          0.9914433368752997,
          0,
          2.446441650390625,
          0,
          0,
          1
        ],
        "children": [
          "Bip01-HeadNub",
          "Bone11"
        ],
        "jointName": "Bip01-Head"
      },
      "Bip01-HeadNub": {
        "name": "Bip01-HeadNub",
        "matrix": [
          1,
          -0.000000029802322387695312,
          0,
          0,
          0.00000002980232594040899,
          1.0000001192092896,
          -0.0000005322508513927444,
          0,
          0.000000000000015862309573397164,
          0.0000005322507879435041,
          0.9999999999999971,
          0,
          9.019588470458984,
          0.00000286102294921875,
          0.0000005960464477539062,
          1
        ]
      },
      "Bone11": {
        "name": "Bone11",
        "matrix": [
          0.23057740926742565,
          0.9730539917945862,
          0.0002099128905683756,
          0,
          0.9730542337320061,
          -0.2305774093188112,
          -0.0002655163407322706,
          0,
          -0.00020996053769626151,
          0.00026547866264397814,
          -1.000000119207715,
          0,
          3.959453582763672,
          1.7774200439453125,
          -0.00000095367431640625,
          1
        ],
        "jointName": "Bone11"
      },
      "Bip01-L-Clavicle": {
        "name": "Bip01-L-Clavicle",
        "matrix": [
          0.08347840607166286,
          0.44344264268875144,
          0.8924068212509155,
          0,
          -0.5491471879565701,
          -0.7268141824263562,
          0.41252747623793484,
          0,
          0.8315462191057115,
          -0.5244998393179156,
          0.18284199314207344,
          0,
          -1.7811622619628906,
          1.7624549865722656,
          1.2567214965820312,
          1
        ],
        "children": [
          "Bip01-L-UpperArm",
          "Bip01-LUpArmTwist"
        ],
        "jointName": "Bip01-L-Clavicle"
      },
      "Bip01-L-UpperArm": {
        "name": "Bip01-L-UpperArm",
        "matrix": [
          0.8839409351348876,
          -0.26112872362136846,
          -0.387892246246338,
          0,
          0.4147509414568954,
          0.8209307283587025,
          0.3924975124790916,
          0,
          0.2159402781238093,
          -0.5078232651276532,
          0.8339576146635117,
          0,
          6.956835746765137,
          -0.0000095367431640625,
          0,
          1
        ],
        "children": [
          "Bip01-L-Forearm"
        ]
      },
      "Bip01-L-Forearm": {
        "name": "Bip01-L-Forearm",
        "matrix": [
          0.11876288056373596,
          -0.9929227828979493,
          -0.000000014901161193847653,
          0,
          0.9929227241340053,
          0.11876287353501612,
          0.000000059604644775390546,
          0,
          -0.000000057413106362353005,
          -0.000000021874521377055385,
          1.0000002384185775,
          0,
          10.592071533203125,
          0.0000019073486328125,
          0.000003814697265625,
          1
        ],
        "children": [
          "Bip01-L-Hand"
        ],
        "jointName": "Bip01-L-Forearm"
      },
      "Bip01-L-Hand": {
        "name": "Bip01-L-Hand",
        "matrix": [
          0.8859487771987916,
          -0.442319393157959,
          0.13945886492729187,
          0,
          0.29599403580201583,
          0.30776347774737084,
          -0.9042508658684231,
          0,
          0.3570473136803928,
          0.8423988578694349,
          0.4035865391694752,
          0,
          9.287910461425781,
          0.0000095367431640625,
          0.000003814697265625,
          1
        ],
        "children": [
          "Bip01-L-Finger0",
          "Bip01-L-Finger1",
          "Bip01-L-Finger2",
          "Bip01-L-Finger3",
          "Bip01-L-Finger4"
        ],
        "jointName": "Bip01-L-Hand"
      },
      "Bip01-L-Finger0": {
        "name": "Bip01-L-Finger0",
        "matrix": [
          0.6313208341598511,
          0.19462321698665624,
          -0.7507036328315735,
          0,
          0.7021677777602617,
          0.2674965785323859,
          0.6598531965993708,
          0,
          0.32923340186491484,
          -0.943698962747765,
          0.03221801100185861,
          0,
          1.6857414245605469,
          1.1524658203125,
          -2.3031539916992188,
          1
        ],
        "children": [
          "Bip01-L-Finger01"
        ],
        "jointName": "Bip01-L-Finger0"
      },
      "Bip01-LUpArmTwist1": {
        "name": "Bip01-LUpArmTwist1",
        "matrix": [
          0.9999999999999999,
          0.000000014901161193847656,
          -0.00000008940696716308596,
          0,
          0.000000003743748828968854,
          0.9787619710817435,
          0.20500011701586224,
          0,
          0.00000009056289004069137,
          -0.2050001415609886,
          0.9787620882711201,
          0,
          5.2960357666015625,
          -0.00000095367431640625,
          0.000003814697265625,
          1
        ],
        "jointName": "Bip01-LUpArmTwist1"
      },
      "Bip01-R-Clavicle": {
        "name": "Bip01-R-Clavicle",
        "matrix": [
          -0.6090742945671079,
          -0.12033573538064951,
          -0.7839314341545105,
          0,
          -0.5144172978368318,
          -0.692374850373037,
          0.5059572461200952,
          0,
          -0.6036587700944597,
          0.7114329989560186,
          0.3598047152622587,
          0,
          -2.0458908081054688,
          1.6469573974609375,
          -0.9795598983764648,
          1
        ],
        "children": [
          "Bip01-R-UpperArm",
          "Bip01-RUpArmTwist"
        ],
        "jointName": "Bip01-R-Clavicle"
      },
      "Bip01-R-UpperArm": {
        "name": "Bip01-R-UpperArm",
        "matrix": [
          0.8363213539123535,
          0.23078814148902893,
          0.4972959756851197,
          0,
          -0.24239876164912913,
          0.9692598449217685,
          -0.04216888679115311,
          0,
          -0.4917411410575265,
          -0.08527719542933766,
          0.8665555391122469,
          0,
          6.9568305015563965,
          0.000009059906005859375,
          -0.000026702880859375,
          1
        ],
        "children": [
          "Bip01-R-Forearm"
        ]
      },
      "Bip01-R-Forearm": {
        "name": "Bip01-R-Forearm",
        "matrix": [
          0.8937155604362486,
          -0.4486342072486877,
          -0.000000029802322387695312,
          0,
          0.4486341115594407,
          0.893715369815543,
          0.0000000046566128730773975,
          0,
          0.000000024545676256959534,
          -0.000000017532024744484917,
          0.9999998807907118,
          0,
          10.592079162597656,
          0.000019073486328125,
          -0.00000762939453125,
          1
        ],
        "children": [
          "Bip01-R-Hand"
        ],
        "jointName": "Bip01-R-Forearm"
      },
      "Bip01-R-Hand": {
        "name": "Bip01-R-Hand",
        "matrix": [
          0.8001052141189575,
          0.5547887682914735,
          -0.22812519967556005,
          0,
          0.26571512339902004,
          0.013165250421057092,
          0.9639618467399167,
          0,
          0.5377984976888726,
          -0.8318871638221526,
          -0.13688217203789968,
          0,
          9.287910461425781,
          0.000016748905181884766,
          0,
          1
        ],
        "children": [
          "Bip01-R-Finger0",
          "Bip01-R-Finger1",
          "Bip01-R-Finger2",
          "Bip01-R-Finger3",
          "Bip01-R-Finger4",
          "Bone14"
        ],
        "jointName": "Bip01-R-Hand"
      },
      "Bip01-R-Finger0": {
        "name": "Bip01-R-Finger0",
        "matrix": [
          0.7912251949310303,
          0.5057058334350587,
          0.34383690357208246,
          0,
          0.2934268084860728,
          0.17935043670137213,
          -0.9390069607339463,
          0,
          -0.5365287360910549,
          0.8438571503705776,
          -0.006481066183970931,
          0,
          1.685744285583496,
          1.1524696350097656,
          2.303142547607422,
          1
        ],
        "children": [
          "Bip01-R-Finger01"
        ],
        "jointName": "Bip01-R-Finger0"
      },
      "Bip01-R-Finger01": {
        "name": "Bip01-R-Finger01",
        "matrix": [
          0.9250491857528687,
          0.3798466324806214,
          -0.00000002980232238769533,
          0,
          -0.37984671681164534,
          0.9250493911261539,
          0.0000001937150955200182,
          0,
          0.00000010115065489399718,
          -0.00000016787569037892405,
          0.9999997615814139,
          0,
          1.2276668548583984,
          0.0000019073486328125,
          -0.000003814697265625,
          1
        ],
        "children": [
          "Bip01-R-Finger02"
        ],
        "jointName": "Bip01-R-Finger01"
      },
      "Bip01-R-Finger02": {
        "name": "Bip01-R-Finger02",
        "matrix": [
          0.6758251190185546,
          0.7370619773864746,
          0.000000014901161193847656,
          0,
          -0.7370619476959102,
          0.6758250917947529,
          0.0000000000000000000000008271805585549547,
          0,
          -0.000000010070580741328999,
          -0.00000001098308119327289,
          1.0000001192092933,
          0,
          0.9521045684814453,
          0,
          -0.000003814697265625,
          1
        ],
        "children": [
          "Bip01-R-Finger0Nub"
        ],
        "jointName": "Bip01-R-Finger02"
      },
      "Bip01-R-Finger0Nub": {
        "name": "Bip01-R-Finger0Nub",
        "matrix": [
          -0.999999761581421,
          -0.0006904304027556678,
          -0.0000007599592208862307,
          0,
          0.0006904302804974934,
          -0.9999995827675711,
          -0.000001579523086547673,
          0,
          -0.0000007588683079220753,
          -0.000001580047314865523,
          0.999999761581308,
          0,
          0.8882207870483398,
          0.000003814697265625,
          0,
          1
        ]
      },
      "Bip01-R-Finger1": {
        "name": "Bip01-R-Finger1",
        "matrix": [
          0.0824417769908902,
          0.9940906763076783,
          -0.07062315940856936,
          0,
          -0.9855538574678305,
          0.07080376248221709,
          -0.15385110620639741,
          0,
          -0.14794157385602047,
          0.08228669079812219,
          0.9855671489352975,
          0,
          3.7706451416015625,
          -0.173370361328125,
          1.3427515029907227,
          1
        ],
        "children": [
          "Bip01-R-Finger11"
        ],
        "jointName": "Bip01-R-Finger1"
      },
      "Bone02": {
        "name": "Bone02",
        "matrix": [
          0.9985572695732117,
          -0.02924636006355286,
          -0.045033149421215043,
          0,
          0.030689179195146,
          0.9990266515921926,
          0.0316879861910103,
          0,
          0.04406254829471213,
          -0.03302429192028699,
          0.9984826472466803,
          0,
          2.845714569091797,
          0.0000286102294921875,
          0.000016689300537109375,
          1
        ],
        "children": [
          "Bone03"
        ],
        "jointName": "Bone02"
      },
      "Bone03": {
        "name": "Bone03",
        "matrix": [
          0.9819997549057007,
          -0.1848258674144744,
          -0.038942128419876085,
          0,
          0.1846380315242631,
          0.9827711454892798,
          -0.008397787823750292,
          0,
          0.03982330220279572,
          0.0010564269502934792,
          0.999206246656326,
          0,
          9.3410005569458,
          0.0000152587890625,
          0.000053882598876953125,
          1
        ],
        "children": [
          "Bone07"
        ],
        "jointName": "Bone03"
      },
      "Bone07": {
        "name": "Bone07",
        "matrix": [
          0.9883490800857544,
          -0.14223906397819516,
          -0.05416494235396385,
          0,
          0.14202612134049666,
          0.9898322317378675,
          -0.007780378682223405,
          0,
          0.05472089487227803,
          -0.000003106562740434889,
          0.9985017177647515,
          0,
          9.641318321228027,
          0.0000152587890625,
          0.000050902366638183594,
          1
        ],
        "jointName": "Bone07"
      },
      "Bone17": {
        "name": "Bone17",
        "matrix": [
          -0.8523851633071903,
          -0.45401489734649647,
          0.25944235920906067,
          0,
          0.18479079672110674,
          0.2026022390047057,
          0.9616678207263422,
          0,
          -0.4891749897516314,
          0.8676537120516159,
          -0.08879734437371663,
          0,
          -1.0284919738769531,
          -3.448589324951172,
          5.991359710693359,
          1
        ],
        "children": [
          "Bone18"
        ],
        "jointName": "Bone17"
      },
      "Bone18": {
        "name": "Bone18",
        "matrix": [
          0.9995589852333068,
          0.02906955778598785,
          -0.0061037540435791,
          0,
          -0.02913467142658386,
          0.9995166066773575,
          -0.010864928358279362,
          0,
          0.005784963572434786,
          0.011037965163104657,
          0.999922513365943,
          0,
          6.447803497314453,
          -0.0000019073486328125,
          0.0000057220458984375,
          1
        ],
        "jointName": "Bone18"
      },
      "K_ChangLeBangGaoShou001": {
        "name": "K_ChangLeBangGaoShou001",
        "matrix": [
          2.54,
          0,
          0,
          0,
          0,
          0.0000000000000005639932965095795,
          -2.5400000000000005,
          0,
          0,
          2.5400000000000005,
          0.0000000000000005639932965095795,
          0,
          0,
          0,
          0,
          1
        ],
        "skin": "skin_K_ChangLeBangGaoShou001",
        "meshes": [
          "mesh_M_ChangLeBangGaoShou001_a_MI_40",
          "mesh_M_ChangLeBangGaoShou001_b_MI_41",
          "mesh_M_ChangLeBangGaoShou001_c_MI_42",
          "mesh_M_ChangLeBangGaoShou001_wq_MI_43"
        ]
      },
      "Bip01-L-Finger01": {
        "name": "Bip01-L-Finger01",
        "matrix": [
          0.8254203200340272,
          0.5645185708999634,
          -0.00000002980232238769531,
          0,
          -0.5645186922107905,
          0.825420497410685,
          -0.0000001490116119384759,
          0,
          -0.000000059520366324725576,
          0.000000139821161387408,
          0.9999999999999956,
          0,
          1.227670669555664,
          0,
          0,
          1
        ],
        "children": [
          "Bip01-L-Finger02"
        ],
        "jointName": "Bip01-L-Finger01"
      },
      "Bip01-L-Finger02": {
        "name": "Bip01-L-Finger02",
        "matrix": [
          0.9976706504821777,
          0.06821480393409729,
          0.000000022351741790771478,
          0,
          -0.06821480802521439,
          0.9976707103165228,
          -0.000000029802322387695346,
          0,
          -0.000000024332636561472137,
          0.000000028208181281556036,
          1.0000000000000013,
          0,
          0.9520959854125977,
          0.0000057220458984375,
          0.000003814697265625,
          1
        ],
        "children": [
          "Bip01-L-Finger0Nub"
        ],
        "jointName": "Bip01-L-Finger02"
      },
      "Bip01-L-Finger0Nub": {
        "name": "Bip01-L-Finger0Nub",
        "matrix": [
          0.9999999403953552,
          0,
          -0.000000014901161193847656,
          0,
          -0.0000000000000062172493084777374,
          0.9999998807907104,
          -0.0000004172325134277293,
          0,
          0.00000001490116208202595,
          0.00000041723256316572175,
          0.9999999999999879,
          0,
          0.8882236480712891,
          0,
          0,
          1
        ]
      },
      "Bip01-L-Finger1": {
        "name": "Bip01-L-Finger1",
        "matrix": [
          0.9977011680603027,
          0.04539482295513154,
          -0.05031560361385346,
          0,
          -0.04979951825648911,
          0.9946909583890182,
          -0.09005591221710717,
          0,
          0.04596040057334784,
          0.09235457516798577,
          0.9946649017565614,
          0,
          3.770641326904297,
          -0.17338180541992188,
          -1.3427667617797852,
          1
        ],
        "children": [
          "Bip01-L-Finger11"
        ],
        "jointName": "Bip01-L-Finger1"
      },
      "Bip01-L-Finger11": {
        "name": "Bip01-L-Finger11",
        "matrix": [
          0.9598994255065918,
          0.2803440690040589,
          -0.000000029802322387695312,
          0,
          -0.2803441034257926,
          0.959899543366756,
          -0.00000014901161193847513,
          0,
          -0.000000013167288247759091,
          0.00000015139109224951788,
          0.9999999999999902,
          0,
          1.7271080017089844,
          0.000003814697265625,
          0.00000095367431640625,
          1
        ],
        "children": [
          "Bip01-L-Finger12"
        ],
        "jointName": "Bip01-L-Finger11"
      },
      "Bip01-L-Finger12": {
        "name": "Bip01-L-Finger12",
        "matrix": [
          0.8488268852233888,
          0.528670847415924,
          -0.000000029802322387695312,
          0,
          -0.5286709175701714,
          0.8488269978621191,
          0.000000059604644775390585,
          0,
          0.000000056808242662980516,
          -0.00000003483839695280272,
          0.99999988079071,
          0,
          1.0268206596374512,
          0.000003814697265625,
          0.00000095367431640625,
          1
        ],
        "children": [
          "Bip01-L-Finger1Nub"
        ],
        "jointName": "Bip01-L-Finger12"
      },
      "Bip01-L-Finger1Nub": {
        "name": "Bip01-L-Finger1Nub",
        "matrix": [
          0.9999998807907104,
          -0.000000029802322387695312,
          0.000000029802322387695306,
          0,
          0.00000002980234459215845,
          1,
          -0.0000006258487701415793,
          0,
          -0.00000002980230728865929,
          0.0000006258487710297357,
          0.9999999999999645,
          0,
          1.0072517395019531,
          0.000003814697265625,
          -0.0000019073486328125,
          1
        ]
      },
      "Bip01-L-Finger2": {
        "name": "Bip01-L-Finger2",
        "matrix": [
          0.9844033122062683,
          0.17407473921775815,
          0.02545841038227081,
          0,
          -0.1650404560586098,
          0.9638834553330345,
          -0.20902285144192814,
          0,
          -0.060924530381479006,
          0.201561091371462,
          0.9775793033227663,
          0,
          3.9104623794555664,
          -0.019866943359375,
          -0.2563352584838867,
          1
        ],
        "children": [
          "Bip01-L-Finger21"
        ],
        "jointName": "Bip01-L-Finger2"
      },
      "Bip01-L-Finger21": {
        "name": "Bip01-L-Finger21",
        "matrix": [
          0.5871161222457885,
          0.8095027208328246,
          -0.00000008940696716308592,
          0,
          -0.809502742293194,
          0.5871161378105713,
          0.0000000596046447753907,
          0,
          0.00000010074239310263759,
          0.00000003738033634744716,
          1.0000000000000016,
          0,
          2.277261257171631,
          0.000003814697265625,
          -0.0000019073486328125,
          1
        ],
        "children": [
          "Bip01-L-Finger22"
        ],
        "jointName": "Bip01-L-Finger21"
      },
      "Bip01-L-Finger22": {
        "name": "Bip01-L-Finger22",
        "matrix": [
          0.9290577173233032,
          0.36993461847305303,
          0.00000008940696716308594,
          0,
          -0.3699346635226704,
          0.9290578304613852,
          0.000000015832483768463158,
          0,
          -0.00000007720726019155579,
          -0.00000004778402822016665,
          1.0000000000000016,
          0,
          1.1479606628417969,
          0,
          0,
          1
        ],
        "children": [
          "Bip01-L-Finger2Nub"
        ],
        "jointName": "Bip01-L-Finger22"
      },
      "Bip01-L-Calf": {
        "name": "Bip01-L-Calf",
        "matrix": [
          0.18722593784332256,
          -0.9823169708251955,
          -0.000000018626451492309567,
          0,
          0.9823167763549286,
          0.18722590077801846,
          -0.00000004470348358154301,
          0,
          0.00000004740034544703646,
          -0.000000009927424295335796,
          1.0000000000000007,
          0,
          18.578845977783203,
          -0.0000400543212890625,
          0.0001659393310546875,
          1
        ],
        "children": [
          "Bip01-L-Foot"
        ],
        "jointName": "Bip01-L-Calf"
      },
      "Bip01-L-Foot": {
        "name": "Bip01-L-Foot",
        "matrix": [
          0.7692806720733644,
          -0.5610637664794923,
          -0.30563849210739147,
          0,
          0.5815511948086348,
          0.8130035565562495,
          -0.028696462787599124,
          0,
          0.2645856807623961,
          -0.1556687691166457,
          0.951715061267513,
          0,
          14.034380912780762,
          -0.000030517578125,
          0.0000209808349609375,
          1
        ],
        "children": [
          "Bip01-L-Toe0"
        ],
        "jointName": "Bip01-L-Foot"
      },
      "Bip01-L-Toe0": {
        "name": "Bip01-L-Toe0",
        "matrix": [
          -0.2688906490802767,
          0.9631707668304443,
          0.00000012555301509564742,
          0,
          -0.9631707668304373,
          -0.2688906490803022,
          0.00000021083633328089488,
          0,
          0.0000002368313991272415,
          -0.00000006423706843318798,
          0.9999999999999999,
          0,
          4.820720672607422,
          6.667250633239746,
          0.000038623809814453125,
          1
        ],
        "children": [
          "Bip01-L-Toe0Nub"
        ],
        "jointName": "Bip01-L-Toe0"
      },
      "Bip01-L-Toe0Nub": {
        "name": "Bip01-L-Toe0Nub",
        "matrix": [
          -0.999999761581421,
          -0.0006903111934665879,
          -0.000009156095075013582,
