{
    "asset": {
      "generator": "tmx:FBX2GLTF",
      "premultipliedAlpha": true,
      "profile": {
        "api": "WebGL",
        "version": "1.0.2"
      },
      "version": "1.0"
    },
    "scene": "test",
    "scenes": {
      "test": {
        "nodes": [
          "RootNode"
        ]
      }
    },
    "nodes": {
      "RootNode": {
        "name": "RootNode",
        "children": [
          "Sky001",
          "Bip01",
          "K_ChangLeBangGaoShou001"
        ]
      },
      "Bip01-Spine1": {
        "name": "Bip01-Spine1",
        "matrix": [
          0.9999747872352601,
          0.007095078006386757,
          0.00034983654040843243,
          0,
          -0.006687583667242307,
          0.9568644190156134,
          -0.29045747926863613,
          0,
          -0.002395564942057143,
          0.29044785661764333,
          0.9568878750087105,
          0,
          7.109291076660156,
          -0.005579352378845215,
          0.0016935355961322784,
          1
        ],
        "children": [
          "Bip01-Spine2"
        ],
        "jointName": "Bip01-Spine1"
      },
      "Bip01-Pelvis": {
        "name": "Bip01-Pelvis",
        "matrix": [
          -0.0015731253661217953,
          -0.015482894144956122,
          0.9998790025711058,
          0,
          0.9977797350609735,
          0.066554727392649,
          0.0026004070526610794,
          0,
          -0.06658692817943714,
          0.9976629758416367,
          0.01534381722396043,
          0,
          0,
          0,
          -0.000003814697265625,
          1
        ],
        "children": [
          "Bip01-Spine",
          "Bone04",
          "Bone15",
          "Bone09",
          "Bone12",
          "Bone01",
          "Bone17"
        ],
        "jointName": "Bip01-Pelvis"
      },
      "Sky001": {
        "name": "Sky001",
        "matrix": [
          2.54,
          0,
          0,
          0,
          0,
          2.5400000000000005,
          -0.00000000000000000000000000000012523166870383563,
          0,
          0,
          0.00000000000000000000000000000012523166870383563,
          2.5400000000000005,
          0,
          0,
          0,
          0,
          1
        ]
      },
      "Bip01": {
        "name": "Bip01",
        "matrix": [
          0.027189928293227927,
          -0.0000000000000005639609909376691,
          2.5398545086383826,
          0,
          2.539854508638382,
          0.000000000000000006037376885809726,
          -0.02718992829322793,
          0,
          0,
          2.5400000000000005,
          0.0000000000000005639932965095795,
          0,
          0.03700824856758118,
          86.34248168945312,
          0.0000000000000000000000000000000005266214691683848,
          1
        ],
        "children": [
          "Bip01-Pelvis"
        ]
      },
      "Bip01-Spine": {
        "name": "Bip01-Spine",
        "matrix": [
          0.9997459053993225,
          0.021622568368911743,
          0.006400508806109428,
          0,
          -0.017631742949097154,
          0.9264942971697542,
          -0.3758956574280588,
          0,
          -0.014057860692733359,
          0.3756871915630359,
          0.9266398752044264,
          0,
          3.1580352783203125,
          0.0029692351818084717,
          0.050588905811309814,
          1
        ],
        "children": [
          "Bip01-Spine1",
          "Bip01-L-Thigh",
          "Bip01-R-Thigh"
        ],
        "jointName": "Bip01-Spine"
      },
      "Bip01-L-Finger2Nub": {
        "name": "Bip01-L-Finger2Nub",
        "matrix": [
          1.000000238418579,
          -0.00000041723251342773443,
          -0.0000026226043701171875,
          0,
          0.0000004172342453752399,
          0.9999999403953552,
          0.0000007078051567076774,
          0,
          0.0000026226031368809867,
          -0.0000007078062087590195,
          0.9999998807905885,
          0,
          1.3300094604492188,
          0,
          -0.0000019073486328125,
          1
        ]
      },
      "Bip01-L-Finger3": {
        "name": "Bip01-L-Finger3",
        "matrix": [
          0.027004748582840347,
          0.9921612143516537,
          -0.12201353907585145,
          0,
          -0.9873039122559076,
          0.007359202497160048,
          -0.15867401917624735,
          0,
          -0.15653221264578562,
          0.12474933864134458,
          0.9797629277356721,
          0,
          3.8492603302001953,
          0.159698486328125,
          0.891324520111084,
          1
        ],
        "children": [
          "Bip01-L-Finger31"
        ],
        "jointName": "Bip01-L-Finger3"
      },
      "Bip01-L-Finger31": {
        "name": "Bip01-L-Finger31",
        "matrix": [
          0.5153220891952515,
          0.856996476650238,
          0.00000008940696716308592,
          0,
          -0.8569967132715287,
          0.515322231478432,
          -0.00000007450580596923892,
          0,
          -0.00000010992458773881838,
          -0.000000038226981312107976,
          0.9999998807907188,
          0,
          1.8866233825683594,
          0,
          -0.00000095367431640625,
          1
        ],
        "children": [
          "Bip01-L-Finger32"
        ],
        "jointName": "Bip01-L-Finger31"
      },
      "Bip01-L-Finger32": {
        "name": "Bip01-L-Finger32",
        "matrix": [
          0.6758251786231995,
          0.7370620965957643,
          0.00000001490116119384766,
          0,
          -0.7370621316668954,
          0.6758252107805325,
          0.000000134110450744628,
          0,
          0.00000008877712705765559,
          -0.00000010161827516456845,
          0.9999999999999931,
          0,
          1.1787986755371094,
          0,
          -0.000000476837158203125,
          1
        ],
        "children": [
          "Bip01-L-Finger3Nub"
        ],
        "jointName": "Bip01-L-Finger32"
      },
      "Bip01-L-Finger3Nub": {
        "name": "Bip01-L-Finger3Nub",
        "matrix": [
          1.0000001192092893,
          -0.0000005364418029785153,
          -0.0000025480985641479496,
          0,
          0.0000005364437204444644,
          1.000000119209274,
          0.0000007525086402892175,
          0,
          0.000002548097704834468,
          -0.0000007525098726409754,
          0.9999999403952368,
          0,
          1.105184555053711,
          -0.000003814697265625,
          -0.000005245208740234375,
          1
        ]
      },
      "Bip01-L-Finger4": {
        "name": "Bip01-L-Finger4",
        "matrix": [
          0.02361801266670226,
          0.9850459098815917,
          -0.17066659033298495,
          0,
          -0.9358569965335434,
          -0.03825323361764455,
          -0.3502986354652824,
          0,
          -0.351588641656532,
          0.16799281077525033,
          0.9209582604591485,
          0,
          3.528177261352539,
          0.3224029541015625,
          1.7764935493469238,
          1
        ],
        "children": [
          "Bip01-L-Finger41"
        ],
        "jointName": "Bip01-L-Finger4"
      },
      "Bip01-L-Finger41": {
        "name": "Bip01-L-Finger41",
        "matrix": [
          0.6758251190185546,
          0.7370622158050538,
          0.00000005774199962615969,
          0,
          -0.7370622104244918,
          0.6758251140850182,
          0.000000074505805969238,
          0,
          0.000000015891915331121614,
          -0.0000000929123081960683,
          0.9999999403953513,
          0,
          1.4410400390625,
          0,
          -0.000000476837158203125,
          1
        ],
        "children": [
          "Bip01-L-Finger42"
        ],
        "jointName": "Bip01-L-Finger41"
      },
      "Bip01-L-Finger42": {
        "name": "Bip01-L-Finger42",
        "matrix": [
          0.6758252382278441,
          0.7370621562004088,
          -0.000000014901161193847656,
          0,
          -0.7370620941290006,
          0.6758251813134778,
          -0.00000008195638656616231,
          0,
          -0.000000050336368408949505,
          0.00000006637127209223152,
          1.0000002384185815,
          0,
          0.9404687881469727,
          -0.00000762939453125,
          -0.00000095367431640625,
          1
        ],
        "children": [
          "Bip01-L-Finger4Nub"
        ],
        "jointName": "Bip01-L-Finger42"
      },
      "Bip01-L-Finger4Nub": {
        "name": "Bip01-L-Finger4Nub",
        "matrix": [
          0.9999999403953552,
          -0.0000005066394805908203,
          -0.0000026822090148925785,
          0,
          0.0000005066408590438177,
          0.9999998211860812,
          0.0000005364418029785184,
          0,
          0.000002682208263492932,
          -0.0000005364431299206256,
          0.9999997615814261,
          0,
          0.9055881500244141,
          0.000011444091796875,
          -0.00000476837158203125,
          1
        ]
      },
      "Bip01-LUpArmTwist": {
        "name": "Bip01-LUpArmTwist",
        "matrix": [
          0.6085903048515321,
          0.011454254388809228,
          -0.7934018373489379,
          0,
          -0.19574941070754318,
          0.9711591607539986,
          -0.13613188723964492,
          0,
          0.7689604087124018,
          0.23815656180122668,
          0.5932803949296335,
          0,
          6.956830978393555,
          0.0000152587890625,
          0.000019073486328125,
          1
        ],
        "children": [
          "Bip01-LUpArmTwist1"
        ],
        "jointName": "Bip01-LUpArmTwist"
      },
      "Bip01-R-Finger11": {
        "name": "Bip01-R-Finger11",
        "matrix": [
          0.6686077117919921,
          0.7436152696609497,
          -0.000000029802322387695312,
          0,
          -0.7436154014977792,
          0.6686078303306029,
          0.000000007450580596923866,
          0,
          0.000000025466428583926635,
          0.00000001717994824192753,
          1.0000000000000053,
          0,
          1.7271099090576172,
          0.000011444091796875,
          -0.00000286102294921875,
          1
        ],
        "children": [
          "Bip01-R-Finger12"
        ],
        "jointName": "Bip01-R-Finger11"
      },
      "Bip01-R-Finger12": {
        "name": "Bip01-R-Finger12",
        "matrix": [
          0.7910558581352235,
          0.6117441654205322,
          0.000000044703483581542956,
          0,
          -0.6117441365764323,
          0.7910558208364755,
          -0.00000005960464477539048,
          0,
          -0.00000007182571823547138,
          0.000000019803502194645746,
          0.9999998807907082,
          0,
          1.0268135070800781,
          -0.00000858306884765625,
          -0.00000858306884765625,
          1
        ],
        "children": [
          "Bip01-R-Finger1Nub"
        ],
        "jointName": "Bip01-R-Finger12"
      },
      "Bip01-R-Finger1Nub": {
        "name": "Bip01-R-Finger1Nub",
        "matrix": [
          -0.9999997019767762,
          -0.0006903409957885204,
          -0.0000007152557373046875,
          0,
          0.0006903409960798353,
          -0.9999997019973502,
          -0.000000387430191040048,
          0,
          -0.0000007149882358549243,
          -0.00000038792393851862185,
          1.0000001192093126,
          0,
          1.0072441101074219,
          0.000003814697265625,
          0.0000057220458984375,
          1
        ]
      },
      "Bip01-R-Finger2": {
        "name": "Bip01-R-Finger2",
        "matrix": [
          0.589197814464569,
          0.807988166809082,
          0.0007957816123962398,
          0,
          -0.8059342739867057,
          0.5876293233212975,
          0.07184524061490481,
          0,
          0.05758249518627598,
          -0.04297241802186677,
          0.9974155387698364,
          0,
          3.910459518432617,
          -0.019863128662109375,
          0.2563133239746094,
          1
        ],
        "children": [
          "Bip01-R-Finger21"
        ],
        "jointName": "Bip01-R-Finger2"
      },
      "Bip01-R-Finger21": {
        "name": "Bip01-R-Finger21",
        "matrix": [
          0.6123410463333129,
          0.7905937433242799,
          -0.00000008940696716308594,
          0,
          -0.7905937433242787,
          0.6123410463333145,
          0.000000022351741790771603,
          0,
          0.00000007241870129568305,
          0.00000005699769852479722,
          1.0000000000000053,
          0,
          2.2772655487060547,
          -0.000003814697265625,
          0.00000286102294921875,
          1
        ],
        "children": [
          "Bip01-R-Finger22"
        ],
        "jointName": "Bip01-R-Finger21"
      },
      "Bip01-R-Finger22": {
        "name": "Bip01-R-Finger22",
        "matrix": [
          0.7635883092880248,
          0.6457031965255737,
          0.0000000000000000000000033087219937484856,
          0,
          -0.6457031762114867,
          0.7635882852652238,
          0.00000004470348358154298,
          0,
          0.000000028865187675890593,
          -0.000000034135063870389045,
          0.9999998807907109,
          0,
          1.1479644775390625,
          0.0000019073486328125,
          0,
          1
        ],
        "children": [
          "Bip01-R-Finger2Nub"
        ],
        "jointName": "Bip01-R-Finger22"
      },
      "Bip01-R-Finger2Nub": {
        "name": "Bip01-R-Finger2Nub",
        "matrix": [
          -1,
          -0.00000011920928967324646,
          -0.0000006854534149169922,
          0,
          0.000000119209463312128,
          -1.000000000000004,
          -0.0000002533197402954183,
          0,
          -0.0000006854533030065273,
          -0.0000002533197918098796,
          0.9999998807907428,
          0,
          1.3300018310546875,
          0.0000019073486328125,
          -0.0000019073486328125,
          1
        ]
      },
      "Bip01-R-Finger3": {
        "name": "Bip01-R-Finger3",
        "matrix": [
          0.39230525493621815,
          0.9182348251342775,
          0.05423848330974579,
          0,
          -0.9064182355635437,
          0.37587590498313145,
          0.1926729963583146,
          0,
          0.15653210061308823,
          -0.12474936693842474,
          0.9797627856981077,
          0,
          3.8492584228515625,
          0.15970611572265625,
          -0.8913202285766602,
          1
        ],
        "children": [
          "Bip01-R-Finger31"
        ],
        "jointName": "Bip01-R-Finger3"
      },
      "Bip01-R-Finger31": {
        "name": "Bip01-R-Finger31",
        "matrix": [
          0.5015463829040527,
          0.8651306629180908,
          -0.00000007450580596923828,
          0,
          -0.8651306629180909,
          0.5015463829040528,
          0,
          0,
          0.00000003736812131086512,
          0.00000006445726390146624,
          0.9999999403953536,
          0,
          1.8866157531738281,
          -0.00000762939453125,
          -0.00000286102294921875,
          1
        ],
        "children": [
          "Bip01-R-Finger32"
        ],
        "jointName": "Bip01-R-Finger31"
      },
      "Bip01-R-Finger32": {
        "name": "Bip01-R-Finger32",
        "matrix": [
          0.5149598717689514,
          0.8572140336036682,
          0.00000015273690223693845,
          0,
          -0.8572140599150083,
          0.5149598875751374,
          0,
          0,
          -0.00000007865339074227515,
          -0.00000013092824126894664,
          0.999999761581421,
          0,
          1.178802490234375,
          -0.00000476837158203125,
          0.0000019073486328125,
          1
        ],
        "children": [
          "Bip01-R-Finger3Nub"
        ],
        "jointName": "Bip01-R-Finger32"
      },
      "Bip01-Spine2": {
        "name": "Bip01-Spine2",
        "matrix": [
          0.9849910140037537,
          0.17256030440330503,
          0.003961699083447457,
          0,
          -0.1726038632598003,
          0.9848301975764164,
          0.01783467456618671,
          0,
          -0.0008240437196988014,
          -0.018250792123046707,
          0.9998331069499218,
          0,
          7.320869445800781,
          -0.0052700042724609375,
          -0.00009447336196899414,
          1
        ],
        "children": [
          "Bip01-Neck"
        ],
        "jointName": "Bip01-Spine2"
      },
      "Bip01-Neck": {
        "name": "Bip01-Neck",
        "matrix": [
          0.9316657185554504,
          0.3633170723915102,
          0.0000009401701390743256,
          0,
          -0.3633170600835884,
          0.9316656869941968,
          -0.00000013457611203192998,
          0,
          -0.0000009248179159254437,
          -0.00000021619986768201323,
          1.00000011920924,
          0,
          7.135280609130859,
          -1.8605155944824219,
          -0.000002175569534301758,
          1
        ],
        "children": [
          "Bip01-Head",
          "Bip01-L-Clavicle",
          "Bip01-R-Clavicle"
        ],
        "jointName": "Bip01-Neck"
      },
      "Bip01-Head": {
        "name": "Bip01-Head",
        "matrix": [
          0.9636616110801697,
          -0.22777333855628967,
          0.13955548405647275,
          0,
          0.11442228050531919,
          0.8240475522186105,
          0.5548452892859069,
          0,
          -0.2413792730604079,
          -0.518714749997932,
          0.8201651806604443,
          0,
          2.446453094482422,
          0,
          0.0000012516975402832031,
          1
        ],
        "children": [
          "Bip01-HeadNub",
          "Bone11"
        ],
        "jointName": "Bip01-Head"
      },
      "Bip01-HeadNub": {
        "name": "Bip01-HeadNub",
        "matrix": [
          1,
          0.000000029802322387695312,
          0.000000007450580596923828,
          0,
          -0.0000000298023190847818,
          0.9999999999999994,
          -0.0000004433095455169675,
          0,
          -0.000000007450593364487812,
          0.00000044330951887161444,
          0.9999999403953544,
          0,
          9.019596099853516,
          -0.0000019073486328125,
          0.000000476837158203125,
          1
        ]
      },
      "Bone11": {
        "name": "Bone11",
        "matrix": [
          0.23057724535465257,
          0.9730541706085205,
          0.0004667583853006363,
          0,
          0.9730539018497053,
          -0.23057689833900316,
          -0.0005906596779908267,
          0,
          -0.0004671201608870982,
          0.0005903737477163707,
          -0.9999999404094083,
          0,
          3.959423065185547,
          1.777425765991211,
          -0.0000035762786865234375,
          1
        ],
        "jointName": "Bone11"
      },
      "Bip01-L-Clavicle": {
        "name": "Bip01-L-Clavicle",
        "matrix": [
          -0.173508003354072,
          -0.13626091182231892,
          0.9753601551055908,
          0,
          -0.35733794488659903,
          -0.9141778255174863,
          -0.19128082732934812,
          0,
          0.9177169045807174,
          -0.3817220222107843,
          0.10992599645140488,
          0,
          -2.3361892700195312,
          1.0613727569580078,
          1.12743079662323,
          1
        ],
        "children": [
          "Bip01-L-UpperArm",
          "Bip01-LUpArmTwist"
        ],
        "jointName": "Bip01-L-Clavicle"
      },
      "Bip01-L-UpperArm": {
        "name": "Bip01-L-UpperArm",
        "matrix": [
          0.6085902452468872,
          0.011454299092292782,
          -0.793401837348938,
          0,
          -0.13222726753245245,
          0.9873786457200625,
          -0.08717208808285479,
          0,
          0.7823897755840012,
          0.1579614877422377,
          0.6024237669073849,
          0,
          6.956830978393555,
          0.0000152587890625,
          0.000019073486328125,
          1
        ],
        "children": [
          "Bip01-L-Forearm"
        ]
      },
      "Bip01-L-Forearm": {
        "name": "Bip01-L-Forearm",
        "matrix": [
          0.8862305879592894,
          -0.46324434876441967,
          -0.0000000000000000000000016543612099660356,
          0,
          0.46324441577949166,
          0.8862307161655091,
          -0.000000044703483581542916,
          0,
          0.00000002070863352245946,
          0.0000000396175895321625,
          0.999999999999999,
          0,
          10.59207534790039,
          0.000029087066650390625,
          0.000011444091796875,
          1
        ],
        "children": [
          "Bip01-L-Hand"
        ],
        "jointName": "Bip01-L-Forearm"
      },
      "Bip01-L-Hand": {
        "name": "Bip01-L-Hand",
        "matrix": [
          0.9833734035491943,
          -0.17917937040328982,
          -0.029518395662307757,
          0,
          0.0036462045946313035,
          0.18200070479022545,
          -0.9832916194720824,
          0,
          0.18155793353469724,
          0.9668351507216415,
          0.17962796867279043,
          0,
          9.28790283203125,
          0.000026702880859375,
          0.00000762939453125,
          1
        ],
        "children": [
          "Bip01-L-Finger0",
          "Bip01-L-Finger1",
          "Bip01-L-Finger2",
          "Bip01-L-Finger3",
          "Bip01-L-Finger4"
        ],
        "jointName": "Bip01-L-Hand"
      },
      "Bip01-L-Finger0": {
        "name": "Bip01-L-Finger0",
        "matrix": [
          0.7912256717681884,
          0.5057059526443481,
          -0.3438369631767273,
          0,
          0.2934266915286106,
          0.17935055341326972,
          0.9390071695829931,
          0,
          0.536528785054057,
          -0.8438573955535779,
          -0.006480861500306689,
          0,
          1.6857528686523438,
          1.1524810791015625,
          -2.3031373023986816,
          1
        ],
        "children": [
          "Bip01-L-Finger01"
        ],
        "jointName": "Bip01-L-Finger0"
      },
      "Bip01-R-Finger3Nub": {
        "name": "Bip01-R-Finger3Nub",
        "matrix": [
          -0.9999997615814207,
          -0.0006903558969497129,
          -0.0000009164214134216308,
          0,
          0.0006903557733108535,
          -0.999999582803578,
          0.0000002384185791015639,
          0,
          -0.0000009165857888565265,
          0.00000023778590801392344,
          1.0000000000000058,
          0,
          1.1051855087280273,
          0.00000762939453125,
          0.00000286102294921875,
          1
        ]
      },
      "Bip01-R-Finger4": {
        "name": "Bip01-R-Finger4",
        "matrix": [
          0.48160001635551436,
          0.8760607838630677,
          -0.02405470609664918,
          0,
          -0.8027744087817722,
          0.4519908769574124,
          0.3889182237183672,
          0,
          0.35158857891529555,
          -0.16799255258675996,
          0.9209581677986006,
          0,
          3.528179168701172,
          0.3224029541015625,
          -1.7764911651611328,
          1
        ],
        "children": [
          "Bip01-R-Finger41"
        ],
        "jointName": "Bip01-R-Finger4"
      },
      "Bip01-R-Finger41": {
        "name": "Bip01-R-Finger41",
        "matrix": [
          0.6805816292762754,
          0.7326720952987671,
          0.00000005960464477539063,
          0,
          -0.732672061027666,
          0.6805815974417306,
          0.000000014901161193847703,
          0,
          -0.00000002964816806179005,
          -0.000000053812130288329904,
          1.0000000000000033,
          0,
          1.4410438537597656,
          -0.000003814697265625,
          0.000003814697265625,
          1
        ],
        "children": [
          "Bip01-R-Finger42"
        ],
        "jointName": "Bip01-R-Finger41"
      },
      "Bip01-R-Finger42": {
        "name": "Bip01-R-Finger42",
        "matrix": [
          0.48522651195526134,
          0.8743887543678285,
          -0.00000004097819328308107,
          0,
          -0.8743886176546852,
          0.4852264360887254,
          -0.00000010430812835693316,
          0,
          -0.00000007132213846680513,
          0.00000008644391898217816,
          1.0000001192092856,
          0,
          0.9404716491699219,
          0.0000019073486328125,
          0.000003814697265625,
          1
        ],
        "children": [
          "Bip01-R-Finger4Nub"
        ],
        "jointName": "Bip01-R-Finger42"
      },
      "Bip01-R-Finger4Nub": {
        "name": "Bip01-R-Finger4Nub",
        "matrix": [
          -0.9999995827674864,
          -0.0006903409957885008,
          -0.0000009760260581970213,
          0,
          0.0006903412015694288,
          -0.9999998808111423,
          -0.000000029802322387693615,
          0,
          -0.0000009760055428639364,
          -0.00000003047610641201701,
          1.0000001192092327,
          0,
          0.9055862426757812,
          0,
          -0.0000057220458984375,
          1
        ]
      },
      "Bone14": {
        "name": "Bone14",
        "matrix": [
          0.3243980407714846,
          -0.00306078791618345,
          0.9459157586097716,
          0,
          -0.22192038323371954,
          0.9718386587436381,
          0.07925138033604139,
          0,
          -0.9195200800162217,
          -0.23562698176008878,
          0.31458330774206106,
          0,
          0.7691001892089844,
          1.5118370056152344,
          -6.213183403015137,
          1
        ],
        "children": [
          "dg01"
        ],
        "jointName": "Bone14"
      },
      "dg01": {
        "name": "dg01",
        "matrix": [
          0.9999999403953552,
          0.000000029802322387695306,
          -0.0000000037252902984619132,
          0,
          -0.00000002980233429483796,
          1.000000238418579,
          -0.0000008121132850646873,
          0,
          0.000000003725266761735225,
          0.0000008121131883642744,
          1.0000001192092776,
          0,
          45.62897491455078,
          0.000003814697265625,
          -0.00010013580322265625,
          1
        ]
      },
      "Bip01-RUpArmTwist": {
        "name": "Bip01-RUpArmTwist",
        "matrix": [
          0.8762072920799256,
          0.059986330568790436,
          0.4781867563724518,
          0,
          0.029679190749913213,
          0.983623622908327,
          -0.17777383840999358,
          0,
          -0.4810198109446285,
          0.16995893692429984,
          0.8600778828152905,
          0,
          6.956835746765137,
          0.00000762939453125,
          -0.000003814697265625,
          1
        ],
        "children": [
          "Bip01-RUpArmTwist1"
        ],
        "jointName": "Bip01-RUpArmTwist"
      },
      "Bip01-RUpArmTwist1": {
        "name": "Bip01-RUpArmTwist1",
        "matrix": [
          0.9999998807907104,
          0.0000006705522537231443,
          0.00000002980232238769532,
          0,
          -0.0000006395358641499176,
          0.9383853063305011,
          0.3455907145999201,
          0,
          0.0000002037706110036435,
          -0.3455907410481684,
          0.9383853781460242,
          0,
          5.2960357666015625,
          0.00000762939453125,
          0,
          1
        ],
        "jointName": "Bip01-RUpArmTwist1"
      },
      "Bip01-L-Thigh": {
        "name": "Bip01-L-Thigh",
        "matrix": [
          -0.946286916732788,
          -0.21091312170028742,
          0.24506503343582153,
          0,
          0.10855378639157758,
          0.5067051735091311,
          0.8552578669104233,
          0,
          -0.30456075207051164,
          0.8359218619169747,
          -0.4565929462535961,
          0,
          -3.13165283203125,
          -1.4532601833343506,
          3.756291627883911,
          1
        ],
        "children": [
          "Bip01-L-Calf"
        ],
        "jointName": "Bip01-L-Thigh"
      },
      "Bip01-LUpArmTwist1": {
        "name": "Bip01-LUpArmTwist1",
        "matrix": [
          0.9999999999999999,
          0.00000251084566116333,
          0.0000011324882507324219,
          0,
          -0.000002555075775998697,
          0.9991628527667336,
          0.04091173776311058,
          0,
          -0.0000010288171917696554,
          -0.04091174013987136,
          0.9991629107486848,
          0,
          5.296039581298828,
          0.000014066696166992188,
          0.00000762939453125,
          1
        ],
        "jointName": "Bip01-LUpArmTwist1"
      },
      "Bip01-R-Clavicle": {
        "name": "Bip01-R-Clavicle",
        "matrix": [
          -0.14954045414924538,
          -0.013769201934337576,
          -0.9886597990989684,
          0,
          -0.3632190962533928,
          -0.9292280751833051,
          0.06788045562369187,
          0,
          -0.9196248596405517,
          0.36925089564839525,
          0.1339559160104064,
          0,
          -2.336193084716797,
          1.0613784790039062,
          -1.1274269819259644,
          1
        ],
        "children": [
          "Bip01-R-UpperArm",
          "Bip01-RUpArmTwist"
        ],
        "jointName": "Bip01-R-Clavicle"
      },
      "Bip01-R-UpperArm": {
        "name": "Bip01-R-UpperArm",
        "matrix": [
          0.8762072920799255,
          0.05998627841472624,
          0.47818669676780695,
          0,
          -0.2893968005849911,
          0.8589042748669429,
          0.4225318633477403,
          0,
          -0.38537039336688833,
          -0.5086110802521837,
          0.7699378447229647,
          0,
          6.956835746765137,
          0.00000762939453125,
          -0.000003814697265625,
          1
        ],
        "children": [
          "Bip01-R-Forearm"
        ]
      },
      "Bip01-R-Forearm": {
        "name": "Bip01-R-Forearm",
        "matrix": [
          0.9990704059600829,
          -0.04310975223779678,
          0.00000014901161193847656,
          0,
          0.04310974430094401,
          0.9990702220232737,
          0.000000029802322387694978,
          0,
          -0.00000015015784356241704,
          -0.000000023350767175997605,
          0.9999999999999889,
          0,
          10.592076301574707,
          0.00000286102294921875,
          0,
          1
        ],
        "children": [
          "Bip01-R-Hand"
        ],
        "jointName": "Bip01-R-Forearm"
      },
      "Bip01-R-Hand": {
        "name": "Bip01-R-Hand",
        "matrix": [
          0.5474743843078616,
          0.6273216605186465,
          -0.5538407564163208,
          0,
          0.3025242354127853,
          0.4687045331322893,
          0.829936710530682,
          0,
          0.7802249852237317,
          -0.621919370227276,
          0.0668237231343574,
          0,
          9.287908554077148,
          0.0000095367431640625,
          -0.000011444091796875,
          1
        ],
        "children": [
          "Bip01-R-Finger0",
          "Bip01-R-Finger1",
          "Bip01-R-Finger2",
          "Bip01-R-Finger3",
          "Bip01-R-Finger4",
          "Bone14"
        ],
        "jointName": "Bip01-R-Hand"
      },
      "Bip01-R-Finger0": {
        "name": "Bip01-R-Finger0",
        "matrix": [
          0.5086024403572083,
          0.5625860095024109,
          0.6517822742462158,
          0,
          0.6739217901244652,
          0.21102408739260975,
          -0.7080239591295957,
          0,
          -0.5358663631089317,
          0.7993533331330825,
          -0.2718117213177284,
          0,
          1.6857452392578125,
          1.1524658203125,
          2.303133964538574,
          1
        ],
        "children": [
          "Bip01-R-Finger01"
        ],
        "jointName": "Bip01-R-Finger0"
      },
      "Bip01-R-Finger01": {
        "name": "Bip01-R-Finger01",
        "matrix": [
          0.7210706472396852,
          0.6928613185882568,
          0,
          0,
          -0.692861289974633,
          0.721070617461079,
          -0.000000059604644775390546,
          0,
          -0.000000041297762559887,
          0.00000004297916997197088,
          0.9999998807907091,
          0,
          1.2276763916015625,
          0.0000050067901611328125,
          0.00000762939453125,
          1
        ],
        "children": [
          "Bip01-R-Finger02"
        ],
        "jointName": "Bip01-R-Finger01"
      },
      "Bip01-R-Finger02": {
        "name": "Bip01-R-Finger02",
        "matrix": [
          0.8055033683776854,
          0.5925912857055664,
          0.00000005960464477539063,
          0,
          -0.5925912229124916,
          0.8055032830236789,
          0.00000011920928955078072,
          0,
          0.00000002263065175641302,
          -0.00000013134468895626501,
          1.000000119209285,
          0,
          0.9521017074584961,
          -0.00000476837158203125,
          -0.000003814697265625,
          1
        ],
        "children": [
          "Bip01-R-Finger0Nub"
        ],
        "jointName": "Bip01-R-Finger02"
      },
      "Bip01-R-Finger0Nub": {
        "name": "Bip01-R-Finger0Nub",
        "matrix": [
          -0.9999997019767759,
          -0.0006903484463695595,
          -0.00000041350722312927246,
          0,
          0.00069034832288681,
          -0.9999995231423533,
          0.00000005960464477538981,
          0,
          -0.00000041354829728049217,
          0.000000059319180688733634,
          0.9999999999999867,
          0,
          0.8882255554199219,
          -0.0000057220458984375,
          0,
          1
        ]
      },
      "Bip01-R-Finger1": {
        "name": "Bip01-R-Finger1",
        "matrix": [
          0.5678205490112305,
          0.8229864835739135,
          0.016521841287612898,
          0,
          -0.8097486591840494,
          0.5620693692212209,
          -0.16847792159051936,
          0,
          -0.14794153421312725,
          0.0822867210620377,
          0.9855671461386124,
          0,
          3.770641326904297,
          -0.17337799072265625,
          1.3427457809448242,
          1
        ],
        "children": [
          "Bip01-R-Finger11"
        ],
        "jointName": "Bip01-R-Finger1"
      },
      "Bone02": {
        "name": "Bone02",
        "matrix": [
          0.9866737723350524,
          0.15813729166984553,
          -0.03831112384796142,
          0,
          -0.1566321674255741,
          0.9868647985471519,
          0.03955182807377256,
          0,
          0.044062513331709185,
          -0.03302399317705945,
          0.9984828834107117,
          0,
          2.8456592559814453,
          0.000003814697265625,
          0.00002562999725341797,
          1
        ],
        "children": [
          "Bone03"
        ],
        "jointName": "Bone02"
      },
      "Bone03": {
        "name": "Bone03",
        "matrix": [
          0.9923548698425294,
          0.11686763167381285,
          -0.03967396169900895,
          0,
          -0.11681675537619869,
          0.9931468950486978,
          0.0036056255952730404,
          0,
          0.03982344291860441,
          0.0010565230981531898,
          0.9992060073862798,
          0,
          9.341083526611328,
          0.000041961669921875,
          0.00009208917617797852,
          1
        ],
        "children": [
          "Bone07"
        ],
        "jointName": "Bone03"
      },
      "Bone07": {
        "name": "Bone07",
        "matrix": [
          0.9894863963127136,
          0.13407656550407412,
          -0.054222531616687775,
          0,
          -0.13387573557640878,
          0.9909711429175285,
          0.007336216051784381,
          0,
          0.054716576192367174,
          -0.000000004678652233122404,
          0.9985020166634017,
          0,
          9.641302108764648,
          -0.00002956390380859375,
          0.00009679794311523438,
          1
        ],
        "jointName": "Bone07"
      },
      "Bone17": {
        "name": "Bone17",
        "matrix": [
          -0.795571386814118,
          -0.1954742223024369,
          0.5734596252441405,
          0,
          0.5340459992643442,
          0.2207316994470777,
          0.8161325626802886,
          0,
          -0.28611357941262106,
          0.9555454791549622,
          -0.0712155938263971,
          0,
          -1.0284843444824219,
          -3.448594331741333,
          5.991363525390625,
          1
        ],
        "children": [
          "Bone18"
        ],
        "jointName": "Bone17"
      },
      "Bone18": {
        "name": "Bone18",
        "matrix": [
          0.9995585680007935,
          0.0290689766407013,
          -0.006102561950683594,
          0,
          -0.02913408864577102,
          0.9995163767761224,
          -0.010865882035679838,
          0,
          0.005783752494183149,
          0.011038881800300146,
          0.999922394440514,
          0,
          6.447785377502441,
          -0.0000019073486328125,
          0.0000133514404296875,
          1
        ],
        "jointName": "Bone18"
      },
      "K_ChangLeBangGaoShou001": {
        "name": "K_ChangLeBangGaoShou001",
        "matrix": [
          2.54,
          0,
          0,
          0,
          0,
          0.0000000000000005639932965095795,
          -2.5400000000000005,
          0,
          0,
          2.5400000000000005,
          0.0000000000000005639932965095795,
          0,
          0,
          0,
          0,
          1
        ],
        "skin": "skin_K_ChangLeBangGaoShou001",
        "meshes": [
          "mesh_M_ChangLeBangGaoShou001_a_MI_24",
          "mesh_M_ChangLeBangGaoShou001_b_MI_25",
          "mesh_M_ChangLeBangGaoShou001_c_MI_26",
          "mesh_M_ChangLeBangGaoShou001_wq_MI_27"
        ]
      },
      "Bip01-L-Finger01": {
        "name": "Bip01-L-Finger01",
        "matrix": [
          0.9250493645668029,
          0.37984669208526617,
          -0.00000015646219253540036,
          0,
          -0.3798467979162284,
          0.9250496222993543,
          -0.00000004656612873077383,
          0,
          0.00000012704728753843036,
          0.00000010250761883507126,
          0.9999999999999978,
          0,
          1.2276725769042969,
          0.000003814697265625,
          0.000011444091796875,
          1
        ],
        "children": [
          "Bip01-L-Finger02"
        ],
        "jointName": "Bip01-L-Finger01"
      },
      "Bip01-L-Finger02": {
        "name": "Bip01-L-Finger02",
        "matrix": [
          0.6758252382278442,
          0.7370620965957643,
          0.00000008940696716308595,
          0,
          -0.7370620318340803,
          0.6758251788467191,
          -0.00000004470348358154318,
          0,
          -0.00000009337271545668068,
          -0.000000035686735588794425,
          1.0000001192092944,
          0,
          0.9520988464355469,
          -0.000001430511474609375,
          0.0000019073486328125,
          1
        ],
        "children": [
          "Bip01-L-Finger0Nub"
        ],
        "jointName": "Bip01-L-Finger02"
      },
      "Bip01-L-Finger0Nub": {
        "name": "Bip01-L-Finger0Nub",
        "matrix": [
          1,
          0.0000022947788238525382,
          -0.0000007525086402893066,
          0,
          -0.0000022947798498656263,
          1.0000000000002092,
          -0.000001363456249237002,
          0,
          0.0000007525056011604311,
          0.000001363458138608,
          1.000000119209247,
          0,
          0.8882236480712891,
          0.0000095367431640625,
          -0.0000019073486328125,
          1
        ]
      },
      "Bip01-L-Finger1": {
        "name": "Bip01-L-Finger1",
        "matrix": [
          0.08244150876998914,
          0.9940906763076781,
          0.07062320411205295,
          0,
