{
    "asset": {
      "generator": "tmx:FBX2GLTF",
      "premultipliedAlpha": true,
      "profile": {
        "api": "WebGL",
        "version": "1.0.2"
      },
      "version": "1.0"
    },
    "scene": "test",
    "scenes": {
      "test": {
        "nodes": [
          "RootNode"
        ]
      }
    },
    "nodes": {
      "RootNode": {
        "name": "RootNode",
        "children": [
          "Sky001",
          "Bip01",
          "K_ChangLeBangGaoShou001"
        ]
      },
      "Sky001": {
        "name": "Sky001",
        "matrix": [
          2.54,
          0,
          0,
          0,
          0,
          2.5400000000000005,
          -0.00000000000000000000000000000012523166870383563,
          0,
          0,
          0.00000000000000000000000000000012523166870383563,
          2.5400000000000005,
          0,
          0,
          0,
          0,
          1
        ]
      },
      "Bip01": {
        "name": "Bip01",
        "matrix": [
          0.05409914039075424,
          -0.24252656787633958,
          2.5278165745735173,
          0,
          2.535496432315871,
          -0.13542188527491159,
          -0.0672562970799668,
          0,
          0.14119407990566132,
          2.52476595106551,
          0.23921211235582648,
          0,
          0.004438319206237793,
          94.22559547424316,
          -0.00000010342872734270259,
          1
        ],
        "children": [
          "Bip01-Pelvis"
        ]
      },
      "Bip01-Pelvis": {
        "name": "Bip01-Pelvis",
        "matrix": [
          0.000000014901161288682504,
          0.0070291869342344205,
          0.999975323677063,
          0,
          1.0000000000004632,
          -0.0000010599752879880451,
          -0.000000007450580596931466,
          0,
          0.0000010598967603195827,
          0.9999753236775337,
          -0.007029186934253447,
          0,
          -0.0000007152557373046875,
          0,
          -0.000003814697265625,
          1
        ],
        "children": [
          "Bip01-Spine",
          "Bone04",
          "Bone15",
          "Bone09",
          "Bone12",
          "Bone01",
          "Bone17"
        ],
        "jointName": "Bip01-Pelvis"
      },
      "Bip01-Spine": {
        "name": "Bip01-Spine",
        "matrix": [
          0.9980932474136353,
          -0.057107973843812936,
          -0.02341549843549728,
          0,
          0.054440603846857366,
          0.9932944171618852,
          -0.10199366528097253,
          0,
          0.029083141174402086,
          0.1005244545418886,
          0.99450963912876,
          0,
          3.1579360961914062,
          -0.005621194839477539,
          -0.021622419357299805,
          1
        ],
        "children": [
          "Bip01-Spine1",
          "Bip01-L-Thigh",
          "Bip01-R-Thigh"
        ],
        "jointName": "Bip01-Spine"
      },
      "Bip01-Spine1": {
        "name": "Bip01-Spine1",
        "matrix": [
          0.995331585407257,
          -0.07160322368144988,
          -0.06471414119005203,
          0,
          0.06613513982538771,
          0.9943512682155314,
          -0.08301682759968589,
          0,
          0.07029287441313657,
          0.07834940698307406,
          0.9944449054797183,
          0,
          7.108863830566406,
          -0.005797147750854492,
          0.00048613548278808594,
          1
        ],
        "children": [
          "Bip01-Spine2"
        ],
        "jointName": "Bip01-Spine1"
      },
      "Bip01-L-Finger01": {
        "name": "Bip01-L-Finger01",
        "matrix": [
          0.843352973461151,
          0.5373605489730834,
          -0.00000005960464477539063,
          0,
          -0.5373605293717238,
          0.8433529426980787,
          0.00000005960464477539094,
          0,
          0.00000008229690085283303,
          -0.000000018238562876983524,
          1.0000001192092949,
          0,
          1.2276802062988281,
          -0.0000019073486328125,
          0.000003814697265625,
          1
        ],
        "children": [
          "Bip01-L-Finger02"
        ],
        "jointName": "Bip01-L-Finger01"
      },
      "Bip01-L-Finger02": {
        "name": "Bip01-L-Finger02",
        "matrix": [
          0.9680774211883545,
          0.25065225362777704,
          0,
          0,
          -0.25065221721205755,
          0.9680772805423586,
          0,
          0,
          0,
          0,
          1.0000000000000022,
          0,
          0.9520931243896484,
          0,
          0,
          1
        ],
        "children": [
          "Bip01-L-Finger0Nub"
        ],
        "jointName": "Bip01-L-Finger02"
      },
      "Bip01-L-Finger0Nub": {
        "name": "Bip01-L-Finger0Nub",
        "matrix": [
          1,
          -0.0000014007091522216797,
          0.0000037550926208496102,
          0,
          0.0000014007120618941826,
          1,
          -0.0000007748603820798886,
          0,
          -0.0000037550910878455005,
          0.0000007748655495105238,
          0.9999998807904658,
          0,
          0.8882255554199219,
          -0.000003814697265625,
          0.0000057220458984375,
          1
        ]
      },
      "Bip01-L-Finger1": {
        "name": "Bip01-L-Finger1",
        "matrix": [
          0.9326168298721315,
          0.357751339673996,
          -0.04732744395732879,
          0,
          -0.3472902074390656,
          0.9254107442655701,
          0.15167185467977456,
          0,
          0.09805812179721131,
          -0.12501535047277437,
          0.9872970453340043,
          0,
          3.7706456184387207,
          -0.17338180541992188,
          -1.342742919921875,
          1
        ],
        "children": [
          "Bip01-L-Finger11"
        ],
        "jointName": "Bip01-L-Finger1"
      },
      "Bip01-L-Finger11": {
        "name": "Bip01-L-Finger11",
        "matrix": [
          0.9812780618667603,
          0.19259575009346006,
          -0.000000014901161193847656,
          0,
          -0.19259575804176016,
          0.9812781023634615,
          0,
          0,
          0.0000000146221852479258,
          0.0000000028699008418392425,
          0.9999999403953557,
          0,
          1.7271060943603516,
          0.0000019073486328125,
          0.00000762939453125,
          1
        ],
        "children": [
          "Bip01-L-Finger12"
        ],
        "jointName": "Bip01-L-Finger11"
      },
      "Bip01-L-Finger12": {
        "name": "Bip01-L-Finger12",
        "matrix": [
          0.9317026734352113,
          0.36322197318077076,
          0,
          0,
          -0.3632219417261707,
          0.9317025927508445,
          -0.00000002235174179077154,
          0,
          -0.000000008118644831534,
          0.000000020825180337992944,
          1.000000119209292,
          0,
          1.0268192291259766,
          -0.0000095367431640625,
          -0.000011444091796875,
          1
        ],
        "children": [
          "Bip01-L-Finger1Nub"
        ],
        "jointName": "Bip01-L-Finger12"
      },
      "Bip01-L-Finger1Nub": {
        "name": "Bip01-L-Finger1Nub",
        "matrix": [
          0.9999998211860657,
          -0.0000012740492820739744,
          0.000001132488250732422,
          0,
          0.0000012740536274875128,
          0.999999999999877,
          -0.000003635883331298786,
          0,
          -0.0000011324837534386146,
          0.0000036358845574286914,
          0.9999999403953438,
          0,
          1.007253646850586,
          -0.0000019073486328125,
          0.000011444091796875,
          1
        ]
      },
      "Bip01-L-Finger2": {
        "name": "Bip01-L-Finger2",
        "matrix": [
          0.9241502881050109,
          0.38199162483215326,
          -0.005372315645217896,
          0,
          -0.3819912832594999,
          0.9237681684124908,
          -0.027111373824374292,
          0,
          -0.005393543676047033,
          0.02710716228703791,
          0.9996181123998054,
          0,
          3.910463809967041,
          -0.019870758056640625,
          -0.256317138671875,
          1
        ],
        "children": [
          "Bip01-L-Finger21"
        ],
        "jointName": "Bip01-L-Finger2"
      },
      "Bip01-L-Finger21": {
        "name": "Bip01-L-Finger21",
        "matrix": [
          0.8613210320472718,
          0.5080609321594238,
          0,
          0,
          -0.5080610565655709,
          0.8613212429543189,
          0.000000029802322387695306,
          0,
          0.000000015141391836110334,
          -0.00000002566936053807495,
          0.9999998211860655,
          0,
          2.2772607803344727,
          -0.00000476837158203125,
          0.0000152587890625,
          1
        ],
        "children": [
          "Bip01-L-Finger22"
        ],
        "jointName": "Bip01-L-Finger21"
      },
      "Bip01-L-Finger22": {
        "name": "Bip01-L-Finger22",
        "matrix": [
          0.9140564203262329,
          0.40558704733848566,
          0.000000014901161193847655,
          0,
          -0.40558702033878125,
          0.9140563594780046,
          0.000000007450580596923827,
          0,
          -0.000000010598642952526566,
          -0.000000012853969549955777,
          1,
          0,
          1.1479616165161133,
          -0.000000476837158203125,
          0,
          1
        ],
        "children": [
          "Bip01-L-Finger2Nub"
        ],
        "jointName": "Bip01-L-Finger22"
      },
      "Bip01-LUpArmTwist1": {
        "name": "Bip01-LUpArmTwist1",
        "matrix": [
          1.0000001192092896,
          0.0000035166740417480473,
          -0.0000025033950805664067,
          0,
          -0.0000027618766671918304,
          0.9669277067167911,
          0.25505066099285445,
          0,
          0.000003317531732814693,
          -0.2550506629227591,
          0.9669277140692158,
          0,
          5.2960357666015625,
          0.000019073486328125,
          -0.000011444091796875,
          1
        ],
        "jointName": "Bip01-LUpArmTwist1"
      },
      "Bip01-R-Clavicle": {
        "name": "Bip01-R-Clavicle",
        "matrix": [
          -0.2934055030345916,
          -0.00735780596733094,
          -0.9559595584869387,
          0,
          -0.5083206378374818,
          -0.8456925309696164,
          0.1625241492897202,
          0,
          -0.8096438815703736,
          0.5336195853583655,
          0.24439077878082874,
          0,
          -2.2885055541992188,
          1.3712844848632812,
          -0.8595952987670898,
          1
        ],
        "children": [
          "Bip01-R-UpperArm",
          "Bip01-RUpArmTwist"
        ],
        "jointName": "Bip01-R-Clavicle"
      },
      "Bip01-R-UpperArm": {
        "name": "Bip01-R-UpperArm",
        "matrix": [
          0.43647229671478266,
          0.3270978331565858,
          0.8381521105766297,
          0,
          -0.24767517106910472,
          0.9392621552103316,
          -0.23757891016050817,
          0,
          -0.8649562416485058,
          -0.1038928712746461,
          0.49097599973989364,
          0,
          6.956836223602295,
          0.00001049041748046875,
          -0.000003814697265625,
          1
        ],
        "children": [
          "Bip01-R-Forearm"
        ]
      },
      "Bip01-R-Forearm": {
        "name": "Bip01-R-Forearm",
        "matrix": [
          0.9889453053474427,
          -0.148281529545784,
          0.000000029802322387695312,
          0,
          0.14828152047758533,
          0.9889452448682089,
          -0.00000002596061676740647,
          0,
          -0.00000002562338074905618,
          0.00000003009275870335832,
          1.0000000000000002,
          0,
          10.59207534790039,
          0.00001049041748046875,
          -0.000003814697265625,
          1
        ],
        "children": [
          "Bip01-R-Hand"
        ],
        "jointName": "Bip01-R-Forearm"
      },
      "Bip01-R-Hand": {
        "name": "Bip01-R-Hand",
        "matrix": [
          0.7013497352600097,
          0.7092234492301942,
          -0.07148799300193788,
          0,
          0.12594078441242013,
          -0.024578319346749707,
          0.9917331905063281,
          0,
          0.7016034998405936,
          -0.7045551855068473,
          -0.10655817358423397,
          0,
          9.287921905517578,
          0.000008821487426757812,
          -0.0000057220458984375,
          1
        ],
        "children": [
          "Bip01-R-Finger0",
          "Bip01-R-Finger1",
          "Bip01-R-Finger2",
          "Bip01-R-Finger3",
          "Bip01-R-Finger4",
          "Bone14"
        ],
        "jointName": "Bip01-R-Hand"
      },
      "Bip01-R-Finger0": {
        "name": "Bip01-R-Finger0",
        "matrix": [
          0.6067240834236145,
          0.6305651664733887,
          0.48401844501495356,
          0,
          0.647386119776176,
          -0.03862921385809872,
          -0.7611827963783906,
          0,
          -0.4612780855654541,
          0.7751747253280227,
          -0.4316563928630313,
          0,
          1.6857357025146484,
          1.1524696350097656,
          2.3031368255615234,
          1
        ],
        "children": [
          "Bip01-R-Finger01"
        ],
        "jointName": "Bip01-R-Finger0"
      },
      "Bip01-R-Finger01": {
        "name": "Bip01-R-Finger01",
        "matrix": [
          0.793114721775055,
          0.6090719699859619,
          -0.00000008940696716308594,
          0,
          -0.609071976667369,
          0.7931147304753707,
          -0.000000044703483581543154,
          0,
          0.00000004368235968927441,
          0.00000008991030175450656,
          1.0000000000000044,
          0,
          1.2276649475097656,
          0.000001430511474609375,
          -0.0000057220458984375,
          1
        ],
        "children": [
          "Bip01-R-Finger02"
        ],
        "jointName": "Bip01-R-Finger01"
      },
      "Bip01-R-Finger02": {
        "name": "Bip01-R-Finger02",
        "matrix": [
          0.926313281059265,
          0.3767542839050292,
          0.00000013411045074462888,
          0,
          -0.37675429659579335,
          0.9263133122616264,
          0,
          0,
          -0.00000012422828108082603,
          -0.00000005052668253426978,
          0.9999999999999946,
          0,
          0.9521026611328125,
          -0.0000095367431640625,
          0.000000476837158203125,
          1
        ],
        "children": [
          "Bip01-R-Finger0Nub"
        ],
        "jointName": "Bip01-R-Finger02"
      },
      "Bip01-R-Finger0Nub": {
        "name": "Bip01-R-Finger0Nub",
        "matrix": [
          -0.9999998807907103,
          -0.0006903707981104494,
          -0.0000011026859283447264,
          0,
          0.0006903706343579639,
          -0.9999996423105243,
          -0.0000008046627044677294,
          0,
          -0.0000011021299529162608,
          -0.000000805423822752415,
          0.9999999403953003,
          0,
          0.8882246017456055,
          0.00000762939453125,
          0.000003337860107421875,
          1
        ]
      },
      "Bip01-R-Finger1": {
        "name": "Bip01-R-Finger1",
        "matrix": [
          0.8511887192726134,
          0.5161238908767699,
          0.09536483883857727,
          0,
          -0.5059072540252219,
          0.8551812669226729,
          -0.11279770820784825,
          0,
          -0.13977178681548658,
          0.04776636315409955,
          0.9890312630365188,
          0,
          3.770636558532715,
          -0.17337417602539062,
          1.3427467346191406,
          1
        ],
        "children": [
          "Bip01-R-Finger11"
        ],
        "jointName": "Bip01-R-Finger1"
      },
      "Bip01-L-Finger2Nub": {
        "name": "Bip01-L-Finger2Nub",
        "matrix": [
          0.9999999403953552,
          -0.000001650303602218628,
          -0.0000006705522537231444,
          0,
          0.0000016503010907829844,
          0.9999998807907166,
          -0.0000035986304283142827,
          0,
          0.0000006705581925547987,
          0.0000035986295361863995,
          0.9999999403953757,
          0,
          1.3300113677978516,
          -0.000003814697265625,
          -0.000011444091796875,
          1
        ]
      },
      "Bip01-L-Finger3": {
        "name": "Bip01-L-Finger3",
        "matrix": [
          0.9818215966224669,
          0.18980689346790314,
          0.00031355023384094276,
          0,
          -0.18910688842552165,
          0.9783397476619247,
          -0.0842006504232878,
          0,
          -0.016288620429353466,
          0.08261071181413875,
          0.9964487549059455,
          0,
          3.8492579460144043,
          0.15969371795654297,
          0.891326904296875,
          1
        ],
        "children": [
          "Bip01-L-Finger31"
        ],
        "jointName": "Bip01-L-Finger3"
      },
      "Bip01-L-Finger31": {
        "name": "Bip01-L-Finger31",
        "matrix": [
          0.7986180186271666,
          0.6018382310867311,
          -0.00000004470348358154299,
          0,
          -0.6018382742654421,
          0.7986180759237871,
          -0.0000000037252902984619083,
          0,
          0.00000003345898565234006,
          0.00000002987934934297133,
          0.9999999999999994,
          0,
          1.8866219520568848,
          -0.00000286102294921875,
          0.00000762939453125,
          1
        ],
        "children": [
          "Bip01-L-Finger32"
        ],
        "jointName": "Bip01-L-Finger31"
      },
      "Bip01-L-Finger32": {
        "name": "Bip01-L-Finger32",
        "matrix": [
          0.9732152223587036,
          0.22989575564861298,
          0.000000014901161193847653,
          0,
          -0.2298957180038011,
          0.973215062997329,
          -0.00000002235174179077148,
          0,
          -0.000000019640609739176468,
          0.00000001832734653512039,
          1.0000000000000002,
          0,
          1.1788063049316406,
          -0.00000095367431640625,
          -0.000003814697265625,
          1
        ],
        "children": [
          "Bip01-L-Finger3Nub"
        ],
        "jointName": "Bip01-L-Finger32"
      },
      "Bip01-L-Finger3Nub": {
        "name": "Bip01-L-Finger3Nub",
        "matrix": [
          0.9999999999999999,
          -0.00000186823308467865,
          0.00000023841857910156247,
          0,
          0.0000018682337181713966,
          0.9999998807904368,
          -0.00000359117984771723,
          0,
          -0.00000023841186993892242,
          0.000003591180721229355,
          0.9999999999999848,
          0,
          1.105189323425293,
          -0.000001430511474609375,
          0.000003814697265625,
          1
        ]
      },
      "Bip01-L-Finger4": {
        "name": "Bip01-L-Finger4",
        "matrix": [
          0.9743880629539489,
          0.21221943199634552,
          0.07437062263488771,
          0,
          -0.17816283870032376,
          0.9303397605431981,
          -0.32050870908436435,
          0,
          -0.13720813662091955,
          0.29904980767663264,
          0.9443216642761041,
          0,
          3.528174877166748,
          0.3223896026611328,
          1.7764968872070312,
          1
        ],
        "children": [
          "Bip01-L-Finger41"
        ],
        "jointName": "Bip01-L-Finger4"
      },
      "Bip01-L-Finger41": {
        "name": "Bip01-L-Finger41",
        "matrix": [
          0.9522197246551514,
          0.3054135739803314,
          0.000000044703483581542956,
          0,
          -0.3054135829749513,
          0.9522197526986195,
          -0.000000029802322387695405,
          0,
          -0.00000005166959215348738,
          0.000000014725313335428951,
          1.000000238418582,
          0,
          1.4410409927368164,
          -0.0000019073486328125,
          0,
          1
        ],
        "children": [
          "Bip01-L-Finger42"
        ],
        "jointName": "Bip01-L-Finger41"
      },
      "Bip01-L-Finger42": {
        "name": "Bip01-L-Finger42",
        "matrix": [
          0.9646297097206117,
          0.2636088132858277,
          0.000000044703483581542956,
          0,
          -0.26360877054700244,
          0.9646295533254593,
          0,
          0,
          -0.0000000431223099384948,
          -0.000000011784232679628586,
          1.0000001192092889,
          0,
          0.9404716491699219,
          -0.00000286102294921875,
          0.00000762939453125,
          1
        ],
        "children": [
          "Bip01-L-Finger4Nub"
        ],
        "jointName": "Bip01-L-Finger42"
      },
      "Bip01-L-Finger4Nub": {
        "name": "Bip01-L-Finger4Nub",
        "matrix": [
          1.0000001192092896,
          -0.000002272427082061767,
          0.0000007450580596923829,
          0,
          0.0000022724292314539185,
          1.000000000000278,
          -0.000003248453140258476,
          0,
          -0.0000007450505889986215,
          0.0000032484548333319974,
          0.9999999999999036,
          0,
          0.9055881500244141,
          -0.0000019073486328125,
          -0.000011444091796875,
          1
        ]
      },
      "Bip01-LUpArmTwist": {
        "name": "Bip01-LUpArmTwist",
        "matrix": [
          0.6413623094558715,
          0.021049730479717216,
          -0.7669494152069092,
          0,
          0.5915210339427527,
          0.6230602650349215,
          0.5117606706394933,
          0,
          0.4886281070585804,
          -0.7818906798138586,
          0.387155993923473,
          0,
          6.956833362579346,
          0.000020503997802734375,
          0.00000762939453125,
          1
        ],
        "children": [
          "Bip01-LUpArmTwist1"
        ],
        "jointName": "Bip01-LUpArmTwist"
      },
      "Bip01-Spine2": {
        "name": "Bip01-Spine2",
        "matrix": [
          0.9938357472419739,
          -0.11086253821849826,
          -0.0000003129243850708008,
          0,
          0.11086253192602222,
          0.9938356908325966,
          -0.0000000027939677238464384,
          0,
          0.0000003113051880332684,
          -0.00000003191484660472994,
          1.0000000000000002,
          0,
          7.319332122802734,
          -0.005317211151123047,
          0.0000015497207641601562,
          1
        ],
        "children": [
          "Bip01-Neck"
        ],
        "jointName": "Bip01-Spine2"
      },
      "Bip01-Neck": {
        "name": "Bip01-Neck",
        "matrix": [
          0.8437406420707703,
          0.5073752999305726,
          0.17513398826122287,
          0,
          -0.5263823994239395,
          0.845980099954683,
          0.08508238099779278,
          0,
          -0.10499120381765122,
          -0.1639749640546342,
          0.9808615334733857,
          0,
          7.135589599609375,
          -1.8603482246398926,
          -0.00016641616821289062,
          1
        ],
        "children": [
          "Bip01-Head",
          "Bip01-L-Clavicle",
          "Bip01-R-Clavicle"
        ],
        "jointName": "Bip01-Neck"
      },
      "Bip01-Head": {
        "name": "Bip01-Head",
        "matrix": [
          0.9841426610946655,
          -0.13696908950805667,
          -0.11270559579133989,
          0,
          0.13979891641478626,
          0.9900241442237772,
          0.017562322255403107,
          0,
          0.10917577695148474,
          -0.033039954119829545,
          0.9934732282201062,
          0,
          2.446453094482422,
          0,
          0.00000095367431640625,
          1
        ],
        "children": [
          "Bip01-HeadNub",
          "Bone11"
        ],
        "jointName": "Bip01-Head"
      },
      "Bip01-HeadNub": {
        "name": "Bip01-HeadNub",
        "matrix": [
          0.9999998807907104,
          -0.000000029802322387695306,
          -0.0000000027939677238464347,
          0,
          0.00000002980232299051179,
          0.9999999403953552,
          -0.0000004200264811515814,
          0,
          0.0000000027939805746802245,
          0.00000042002650610384546,
          1.000000000000001,
          0,
          9.019611358642578,
          -0.0000019073486328125,
          0.0000008344650268554688,
          1
        ]
      },
      "Bone11": {
        "name": "Bone11",
        "matrix": [
          0.23057775199413286,
          0.973053872585297,
          0.0005210783565416932,
          0,
          0.9730536290624823,
          -0.23057734140071603,
          -0.0006589768454399842,
          0,
          -0.0005210710966399283,
          0.0006589825695027126,
          -0.9999995827629021,
          0,
          3.9594764709472656,
          1.7774124145507812,
          -0.000000476837158203125,
          1
        ],
        "jointName": "Bone11"
      },
      "Bip01-L-Clavicle": {
        "name": "Bip01-L-Clavicle",
        "matrix": [
          -0.20112064480781547,
          -0.38247907161712663,
          0.9018095135688783,
          0,
          -0.5164253196603715,
          -0.7408903766106093,
          -0.42940205317726304,
          0,
          0.8323793888816693,
          -0.5520789505213753,
          -0.04851353238115416,
          0,
          -1.8936004638671875,
          1.5631294250488281,
          1.352109432220459,
          1
        ],
        "children": [
          "Bip01-L-UpperArm",
          "Bip01-LUpArmTwist"
        ],
        "jointName": "Bip01-L-Clavicle"
      },
      "Bip01-L-UpperArm": {
        "name": "Bip01-L-UpperArm",
        "matrix": [
          0.6413620710372924,
          0.021049939095974024,
          -0.7669495344161988,
          0,
          0.7555699983135495,
          0.15634522963439942,
          0.6361370267538522,
          0,
          0.13329958459537794,
          -0.9874784997534254,
          0.08436922178375621,
          0,
          6.956833362579346,
          0.000020503997802734375,
          0.00000762939453125,
          1
        ],
        "children": [
          "Bip01-L-Forearm"
        ]
      },
      "Bip01-L-Forearm": {
        "name": "Bip01-L-Forearm",
        "matrix": [
          0.24854212999343864,
          -0.9686211347579957,
          0.00000004470348358154295,
          0,
          0.9686208967178834,
          0.24854206891382863,
          -0.00000010430812835693313,
          0,
          0.00000008992436972540646,
          0.00000006922569919314267,
          0.9999999403953508,
          0,
          10.592071533203125,
          0.000019073486328125,
          -0.00004100799560546875,
          1
        ],
        "children": [
          "Bip01-L-Hand"
        ],
        "jointName": "Bip01-L-Forearm"
      },
      "Bip01-L-Hand": {
        "name": "Bip01-L-Hand",
        "matrix": [
          0.7116408348083498,
          -0.309231698513031,
          0.6308273673057555,
          0,
          0.4807737574008872,
          -0.44037740613363235,
          -0.7582373818039272,
          0,
          0.5122732162754304,
          0.8428780308301637,
          -0.16472007961714072,
          0,
          9.28790283203125,
          0.000019073486328125,
          -0.00000476837158203125,
          1
        ],
        "children": [
          "Bip01-L-Finger0",
          "Bip01-L-Finger1",
          "Bip01-L-Finger2",
          "Bip01-L-Finger3",
          "Bip01-L-Finger4"
        ],
        "jointName": "Bip01-L-Hand"
      },
      "Bip01-L-Finger0": {
        "name": "Bip01-L-Finger0",
        "matrix": [
          0.4634773433208464,
          -0.4205062389373776,
          -0.7799766659736633,
          0,
          0.4557538981399527,
          0.8679991520824115,
          -0.19714365779523835,
          0,
          0.7599193086273696,
          -0.2641058170443296,
          0.5939453656979841,
          0,
          1.6857519149780273,
          1.1524639129638672,
          -2.303131103515625,
          1
        ],
        "children": [
          "Bip01-L-Finger01"
        ],
        "jointName": "Bip01-L-Finger0"
      },
      "Bip01-R-Finger11": {
        "name": "Bip01-R-Finger11",
        "matrix": [
          0.6860066056251527,
          0.727595031261444,
          0.00000002980232238769531,
          0,
          -0.7275950592086162,
          0.6860066319749006,
          -0.0000000298023223876954,
          0,
          -0.000000042128620512548025,
          -0.0000000012394327371617077,
          0.9999998211860686,
          0,
          1.7271060943603516,
          0,
          -0.000003814697265625,
          1
        ],
        "children": [
          "Bip01-R-Finger12"
        ],
        "jointName": "Bip01-R-Finger11"
      },
      "Bip01-R-Finger12": {
        "name": "Bip01-R-Finger12",
        "matrix": [
          0.8895252943038942,
          0.4568857848644256,
          0.000000007450580596923821,
          0,
          -0.45688577864335145,
          0.8895252821918869,
          0.00000014901161193847762,
          0,
          0.00000006145381631571925,
          -0.00000013595368185878956,
          1.000000000000007,
          0,
          1.0268173217773438,
          0.0000019073486328125,
          -0.0000019073486328125,
          1
        ],
        "children": [
          "Bip01-R-Finger1Nub"
        ],
        "jointName": "Bip01-R-Finger12"
      },
      "Bip01-R-Finger1Nub": {
        "name": "Bip01-R-Finger1Nub",
        "matrix": [
          -0.9999997615814208,
          -0.0006903707981109033,
          -0.0000013187527656555174,
          0,
          0.0006903707989504473,
          -0.9999997616019953,
          -0.0000006258487701416077,
          0,
          -0.0000013183203838224066,
          -0.0000006267590494563727,
          1.0000000000000095,
          0,
          1.0072479248046875,
          0.000003814697265625,
          -0.000003814697265625,
          1
        ]
      },
      "Bip01-R-Finger2": {
        "name": "Bip01-R-Finger2",
        "matrix": [
          0.6348512172698975,
          0.7726318836212157,
          0.0020341873168945378,
          0,
          -0.7617678209495525,
          0.6254801557674426,
          0.16877378288554537,
          0,
          0.12912765742078083,
          -0.10869581611271764,
          0.9856529098717485,
          0,
          3.910459518432617,
          -0.019863128662109375,
          0.25632286071777344,
          1
        ],
        "children": [
          "Bip01-R-Finger21"
        ],
        "jointName": "Bip01-R-Finger2"
      },
      "Bip01-R-Finger21": {
        "name": "Bip01-R-Finger21",
        "matrix": [
          0.3055664300918577,
          0.952170729637146,
          0.000000007450580596923828,
          0,
          -0.9521708010185118,
          0.30556645299925034,
          0.00000005960464477539058,
          0,
          0.00000005447714971850067,
          -0.000000025307403397254845,
          0.9999999999999991,
          0,
          2.2772560119628906,
          -0.0000019073486328125,
          -0.0000057220458984375,
          1
        ],
        "children": [
          "Bip01-R-Finger22"
        ],
        "jointName": "Bip01-R-Finger21"
      },
      "Bip01-R-Finger22": {
        "name": "Bip01-R-Finger22",
        "matrix": [
          0.825433015823364,
          0.5644997358322146,
          0.000000014901161193847666,
          0,
          -0.5644997825990321,
          0.8254330842075829,
          0.00000011920928955078054,
          0,
          0.000000054993717614074464,
          -0.00000010681101787670783,
          0.9999999999999939,
          0,
          1.1479644775390625,
          -0.0000019073486328125,
          0.0000057220458984375,
          1
        ],
        "children": [
          "Bip01-R-Finger2Nub"
        ],
        "jointName": "Bip01-R-Finger22"
      },
      "Bip01-R-Finger2Nub": {
        "name": "Bip01-R-Finger2Nub",
        "matrix": [
          -0.9999997019767765,
          -0.0006903409957885207,
          -0.000001356005668640137,
          0,
          0.0006903409539774995,
          -0.9999996424647515,
          0.0000005364418029784219,
          0,
          -0.0000013563757543631086,
          0.0000005355056327082485,
          0.9999999999998249,
          0,
          1.3300104141235352,
          0.000003814697265625,
          0.0000019073486328125,
          1
        ]
      },
      "Bip01-R-Finger3": {
        "name": "Bip01-R-Finger3",
        "matrix": [
          0.6134508252143861,
          0.7897328138351437,
          -0.0007556974887847872,
          0,
          -0.7868729061587688,
          0.6113101040433526,
          0.08444512654821912,
          0,
          0.06715104306298779,
          -0.051208287174876285,
          0.9964278959221463,
          0,
          3.849254608154297,
          0.15970230102539062,
          -0.8913230895996094,
          1
        ],
        "children": [
          "Bip01-R-Finger31"
        ],
        "jointName": "Bip01-R-Finger3"
      },
      "Bip01-R-Finger31": {
        "name": "Bip01-R-Finger31",
        "matrix": [
          0.4993684589862821,
          0.8663896918296816,
          -0.0000001788139343261719,
          0,
          -0.8663896599824926,
          0.4993684406302323,
          -0.00000005960464477539047,
          0,
          0.000000037653184283348845,
          0.00000018468721628078026,
          0.9999998807907078,
          0,
          1.8866119384765625,
          0.000003337860107421875,
          -0.0000057220458984375,
          1
        ],
        "children": [
          "Bip01-R-Finger32"
        ],
        "jointName": "Bip01-R-Finger31"
      },
      "Bip01-R-Finger32": {
        "name": "Bip01-R-Finger32",
        "matrix": [
          0.7405587434768676,
          0.6719912886619568,
          0.0000002384185791015625,
          0,
          -0.6719914259874432,
          0.7405588948145283,
          0,
          0,
          -0.00000017656301219982202,
          -0.00000016021525252831123,
          0.9999998211860378,
          0,
          1.1788101196289062,
          -0.000003814697265625,
          0.0000057220458984375,
          1
        ],
        "children": [
          "Bip01-R-Finger3Nub"
        ],
        "jointName": "Bip01-R-Finger32"
      },
      "Bip01-R-Finger3Nub": {
        "name": "Bip01-R-Finger3Nub",
        "matrix": [
          -0.9999997615814209,
          -0.0006904453039173036,
          -0.0000013262033462524414,
          0,
          0.0006904453032636107,
          -0.999999761550557,
          0.00000047683715820309366,
          0,
          -0.0000013265321020648399,
          0.0000004759213169833172,
          0.9999998807906446,
          0,
          1.1051864624023438,
          -0.0000019073486328125,
          -0.0000019073486328125,
          1
        ]
      },
      "Bip01-R-Finger4": {
        "name": "Bip01-R-Finger4",
        "matrix": [
          0.37451767921447726,
          0.9251921176910403,
          -0.06129097938537599,
          0,
          -0.8965469212228592,
          0.3781977253098678,
          0.23058665865393213,
          0,
          0.2365170503269717,
          -0.031408539041046256,
          0.9711198063894136,
          0,
          3.5281734466552734,
          0.3223991394042969,
          -1.7764968872070312,
          1
        ],
        "children": [
          "Bip01-R-Finger41"
        ],
        "jointName": "Bip01-R-Finger4"
      },
      "Bip01-R-Finger41": {
        "name": "Bip01-R-Finger41",
        "matrix": [
          0.9379199147224426,
          0.3468517065048218,
          0.00000005960464477539063,
          0,
          -0.3468517596274897,
          0.9379200583711962,
          -0.00000011920928955078035,
          0,
          -0.00000009725232330711503,
          0.000000091134777543228,
          0.999999880790703,
          0,
          1.4410438537597656,
          0.00000095367431640625,
          -0.00000762939453125,
          1
        ],
        "children": [
          "Bip01-R-Finger42"
        ],
        "jointName": "Bip01-R-Finger41"
      },
      "Bip01-R-Finger42": {
        "name": "Bip01-R-Finger42",
        "matrix": [
          0.9379198551177979,
          0.3468517065048217,
          0.0000001490116119384766,
          0,
          -0.3468517065048176,
          0.9379198551177994,
          -0.000000029802322387695025,
          0,
          -0.00000015009795384910798,
          -0.000000023732744838489107,
          0.9999998807907007,
          0,
          0.9404792785644531,
          0.00000095367431640625,
          0.0000019073486328125,
          1
        ],
        "children": [
          "Bip01-R-Finger4Nub"
        ],
        "jointName": "Bip01-R-Finger42"
      },
      "Bip01-R-Finger4Nub": {
        "name": "Bip01-R-Finger4Nub",
        "matrix": [
          -0.9999997615814209,
          -0.0006903707981109033,
          -0.0000012367963790893555,
          0,
          0.0006903708813096756,
          -0.9999998807597921,
          -0.0000007450580596923188,
          0,
          -0.000001236281718226493,
          -0.0000007459116415342727,
          0.9999999999999137,
          0,
          0.9055881500244141,
          -0.0000019073486328125,
          -0.000003814697265625,
          1
        ]
      },
      "Bone14": {
        "name": "Bone14",
        "matrix": [
          0.32439815998077365,
          -0.0030608773231506074,
          0.9459156990051271,
          0,
          -0.22191945729612422,
          0.9718392930578116,
          0.07925118966046003,
          0,
          -0.9195204637207706,
          -0.23562599801631817,
          0.31458355594963006,
          0,
          0.7691326141357422,
          1.5118255615234375,
          -6.213233947753906,
          1
        ],
        "children": [
          "dg01"
        ],
        "jointName": "Bone14"
      },
      "dg01": {
        "name": "dg01",
        "matrix": [
          1.0000001192092896,
          -0.00000005960464477539063,
          -0.00000002980232238769532,
          0,
          0.00000005960459725785084,
          0.9999999403953552,
          -0.0000012367963790896568,
          0,
          0.00000002980239255379366,
          0.0000012367964510324116,
          1.0000000000002436,
          0,
          45.62897491455078,
          -0.000049591064453125,
          -0.00002956390380859375,
          1
        ]
      },
      "Bip01-RUpArmTwist": {
        "name": "Bip01-RUpArmTwist",
        "matrix": [
          0.43647241592407204,
          0.3270978927612304,
          0.8381522893905641,
          0,
          -0.010579367004337883,
          0.9333736421358584,
          -0.35874978023960086,
          0,
          -0.8996556934910409,
          0.14771728582434965,
          0.41085240174039994,
          0,
          6.956836223602295,
          0.00001049041748046875,
          -0.000003814697265625,
          1
        ],
        "children": [
          "Bip01-RUpArmTwist1"
        ],
        "jointName": "Bip01-RUpArmTwist"
      },
      "Bip01-RUpArmTwist1": {
        "name": "Bip01-RUpArmTwist1",
        "matrix": [
          1.0000001192092893,
          0.0000009387731552124022,
          0.0000003576278686523438,
          0,
          -0.0000009780359755554325,
          0.9910939335635686,
          0.13316555335165936,
          0,
          -0.00000022943052350525886,
          -0.1331655454852861,
          0.9910938750158512,
          0,
          5.296043395996094,
          0.000003814697265625,
          0,
          1
        ],
        "jointName": "Bip01-RUpArmTwist1"
      },
      "Bip01-L-Thigh": {
