{
    "asset": {
      "generator": "tmx:FBX2GLTF",
      "premultipliedAlpha": true,
      "profile": {
        "api": "WebGL",
        "version": "1.0.2"
      },
      "version": "1.0"
    },
    "scene": "test",
    "scenes": {
      "test": {
        "nodes": [
          "RootNode"
        ]
      }
    },
    "nodes": {
      "RootNode": {
        "name": "RootNode",
        "children": [
          "Sky001",
          "Bip01",
          "K_ChangLeBangGaoShou001"
        ]
      },
      "Bip01-Pelvis": {
        "name": "Bip01-Pelvis",
        "matrix": [
          0.00000000000000016653342391541096,
          -0.00000000000000005551114130513698,
          0.9999998211869034,
          0,
          0.9999998807906891,
          0.0000013671813766115421,
          -0.00000000000000016653343384159088,
          0,
          -0.0000013671815395380297,
          1.0000000000008993,
          0.00000000000000011102230246271925,
          0,
          0,
          0,
          -0.000003814697265625,
          1
        ],
        "children": [
          "Bip01-Spine",
          "Bone04",
          "Bone15",
          "Bone09",
          "Bone12",
          "Bone01",
          "Bone17"
        ],
        "jointName": "Bip01-Pelvis"
      },
      "Bip01-Spine": {
        "name": "Bip01-Spine",
        "matrix": [
          0.9643138647079469,
          0.244493544101715,
          -0.10159631073474883,
          0,
          -0.24047901636397367,
          0.9693537368970133,
          0.05023293596169539,
          0,
          0.11076438396601992,
          -0.024008533997679115,
          0.993556743138347,
          0,
          3.1596832275390625,
          -0.005486965179443359,
          -0.0002791881561279297,
          1
        ],
        "children": [
          "Bip01-Spine1",
          "Bip01-L-Thigh",
          "Bip01-R-Thigh"
        ],
        "jointName": "Bip01-Spine"
      },
      "Bip01": {
        "name": "Bip01",
        "matrix": [
          -1.4933802604675297,
          0.5589842456579207,
          1.9771090614795688,
          0,
          2.049042777622655,
          0.22538925093603968,
          1.4839904655263074,
          0,
          0.15114479328919847,
          2.467455439388746,
          -0.5834539374613239,
          0,
          -0.000000000000002088798856260052,
          85.40095970153808,
          0.0000000000000027653928846139997,
          1
        ],
        "children": [
          "Bip01-Pelvis"
        ]
      },
      "Sky001": {
        "name": "Sky001",
        "matrix": [
          2.54,
          0,
          0,
          0,
          0,
          2.5400000000000005,
          -0.00000000000000000000000000000012523166870383563,
          0,
          0,
          0.00000000000000000000000000000012523166870383563,
          2.5400000000000005,
          0,
          0,
          0,
          0,
          1
        ]
      },
      "Bip01-Spine1": {
        "name": "Bip01-Spine1",
        "matrix": [
          0.9189157485961914,
          0.3560589253902436,
          0.16975270211696628,
          0,
          -0.3552105705929083,
          0.9340775700054579,
          -0.036394521822419965,
          0,
          -0.1715207836805244,
          -0.02685445457758066,
          0.9848144712255531,
          0,
          7.111309051513672,
          -0.005445003509521484,
          0.00021028518676757812,
          1
        ],
        "children": [
          "Bip01-Spine2"
        ],
        "jointName": "Bip01-Spine1"
      },
      "Bip01-LUpArmTwist1": {
        "name": "Bip01-LUpArmTwist1",
        "matrix": [
          0.9999997615814209,
          0.000001698732376098633,
          0.0000001788139343261719,
          0,
          -0.0000016830466368989537,
          0.997778534870134,
          -0.06661933688601772,
          0,
          -0.0000002915851831840438,
          0.06661933318808337,
          0.9977784794923874,
          0,
          5.296047210693359,
          0.0000095367431640625,
          0.000003814697265625,
          1
        ],
        "jointName": "Bip01-LUpArmTwist1"
      },
      "Bip01-R-Clavicle": {
        "name": "Bip01-R-Clavicle",
        "matrix": [
          -0.42519712448120084,
          -0.4479917287826538,
          -0.7864545583724974,
          0,
          -0.17373057188786245,
          -0.812360250576476,
          0.5566760443950517,
          0,
          -0.8882707751137937,
          0.3733282911527529,
          0.2675834103086259,
          0,
          -2.598346710205078,
          0.24218368530273438,
          -1.0208425521850586,
          1
        ],
        "children": [
          "Bip01-R-UpperArm",
          "Bip01-RUpArmTwist"
        ],
        "jointName": "Bip01-R-Clavicle"
      },
      "Bip01-R-UpperArm": {
        "name": "Bip01-R-UpperArm",
        "matrix": [
          0.5544660091400149,
          -0.3495321273803711,
          0.7552448511123657,
          0,
          0.39447840143779167,
          0.9094757790887014,
          0.13130329691436082,
          0,
          -0.7327718047703061,
          0.22512462327793784,
          0.642156442360444,
          0,
          6.956832408905029,
          -0.000019073486328125,
          0.000011444091796875,
          1
        ],
        "children": [
          "Bip01-R-Forearm"
        ]
      },
      "Bip01-R-Forearm": {
        "name": "Bip01-R-Forearm",
        "matrix": [
          0.6576519012451172,
          -0.7533222436904908,
          0.00000008940696716308595,
          0,
          0.7533221212765616,
          0.6576517943775052,
          0.00000004470348358154382,
          0,
          -0.00000009247475656523693,
          0.000000037952905187978245,
          1.0000000000000193,
          0,
          10.59207534790039,
          -0.0000400543212890625,
          0,
          1
        ],
        "children": [
          "Bip01-R-Hand"
        ],
        "jointName": "Bip01-R-Forearm"
      },
      "Bip01-R-Hand": {
        "name": "Bip01-R-Hand",
        "matrix": [
          0.13817408680915833,
          0.9829741120338438,
          0.12111928313970548,
          0,
          -0.0845441405080075,
          -0.11013955453466934,
          0.9903141524535496,
          0,
          0.9867929219018071,
          -0.14707563813118568,
          0.06788625004332267,
          0,
          9.287895202636719,
          -0.0000286102294921875,
          0.000003814697265625,
          1
        ],
        "children": [
          "Bip01-R-Finger0",
          "Bip01-R-Finger1",
          "Bip01-R-Finger2",
          "Bip01-R-Finger3",
          "Bip01-R-Finger4",
          "Bone14"
        ],
        "jointName": "Bip01-R-Hand"
      },
      "Bip01-R-Finger0": {
        "name": "Bip01-R-Finger0",
        "matrix": [
          0.6502047777175904,
          0.5769326090812682,
          0.49435025453567494,
          0,
          0.5714253920117203,
          0.05746140009589973,
          -0.8186399658154779,
          0,
          -0.5007061668654814,
          0.8147679338373017,
          -0.29231227578033603,
          0,
          1.6857328414916992,
          1.1524791717529297,
          2.3031444549560547,
          1
        ],
        "children": [
          "Bip01-R-Finger01"
        ],
        "jointName": "Bip01-R-Finger0"
      },
      "Bip01-R-Finger01": {
        "name": "Bip01-R-Finger01",
        "matrix": [
          0.4700447916984561,
          0.8826425075531004,
          0.00000005774199962615969,
          0,
          -0.8826424734820655,
          0.4700447735541822,
          -0.00000008940696716308608,
          0,
          -0.0000001060557229579893,
          -0.000000008940262802577998,
          0.9999999403953568,
          0,
          1.2276840209960938,
          -0.00000762939453125,
          0.00000095367431640625,
          1
        ],
        "children": [
          "Bip01-R-Finger02"
        ],
        "jointName": "Bip01-R-Finger01"
      },
      "Bip01-R-Finger02": {
        "name": "Bip01-R-Finger02",
        "matrix": [
          0.9999998807907104,
          0.00000006891787052154541,
          -0.000000011175870895385742,
          0,
          -0.00000006891787052154585,
          0.9999998807907169,
          -0.000000000000000000000000000000049303800698841916,
          0,
          0.000000011175870895385701,
          0.0000000000000007702173151507584,
          0.9999998807907113,
          0,
          0.9520964026451111,
          0,
          -0.000003814697265625,
          1
        ],
        "children": [
          "Bip01-R-Finger0Nub"
        ],
        "jointName": "Bip01-R-Finger02"
      },
      "Bip01-R-Finger0Nub": {
        "name": "Bip01-R-Finger0Nub",
        "matrix": [
          -0.9999997615814206,
          0.0006906017661089485,
          0.0000018253922462463377,
          0,
          -0.00069060176262729,
          -0.999999761581423,
          0.0000019073486328126868,
          0,
          0.0000018267089203220004,
          0.0000019060874451725113,
          0.9999999403954536,
          0,
          0.8882240056991577,
          -0.00000762939453125,
          -0.0000019073486328125,
          1
        ]
      },
      "Bip01-R-Finger1": {
        "name": "Bip01-R-Finger1",
        "matrix": [
          0.6343924403190614,
          0.7700141668319702,
          0.06800705194473268,
          0,
          -0.7388338428349501,
          0.6298631524105568,
          -0.2395773013134004,
          0,
          -0.2273129563550245,
          0.10174007440497522,
          0.9684925399407199,
          0,
          3.7706384658813477,
          -0.17336654663085938,
          1.3427658081054688,
          1
        ],
        "children": [
          "Bip01-R-Finger11"
        ],
        "jointName": "Bip01-R-Finger1"
      },
      "Bip01-R-Finger3Nub": {
        "name": "Bip01-R-Finger3Nub",
        "matrix": [
          -0.9999997615814213,
          -0.0006903558969497131,
          0.0000031441450119018567,
          0,
          0.0006903557701489425,
          -0.9999995827932929,
          -0.0000010728836059569832,
          0,
          0.0000031448847472590523,
          -0.0000010707128993849683,
          0.9999999403953103,
          0,
          1.1051883697509766,
          0,
          -0.00000762939453125,
          1
        ]
      },
      "Bip01-R-Finger4": {
        "name": "Bip01-R-Finger4",
        "matrix": [
          0.4500880241394046,
          0.8912433981895443,
          -0.055734902620315545,
          0,
          -0.8148847586274968,
          0.43544943658857804,
          0.3825531882276835,
          0,
          0.3652176339932186,
          -0.12676505074801134,
          0.922250981843686,
          0,
          3.528183937072754,
          0.3223991394042969,
          -1.7764778137207031,
          1
        ],
        "children": [
          "Bip01-R-Finger41"
        ],
        "jointName": "Bip01-R-Finger4"
      },
      "Bip01-R-Finger41": {
        "name": "Bip01-R-Finger41",
        "matrix": [
          0.77035254240036,
          0.6376181244850159,
          -0.00000002980232238769532,
          0,
          -0.6376181679058132,
          0.770352594860165,
          0.00000002980232238769534,
          0,
          0.00000004196079311265068,
          -0.000000003955792226768141,
          0.9999998807907114,
          0,
          1.4410476684570312,
          -0.0000019073486328125,
          0.0000019073486328125,
          1
        ],
        "children": [
          "Bip01-R-Finger42"
        ],
        "jointName": "Bip01-R-Finger41"
      },
      "Bip01-R-Finger42": {
        "name": "Bip01-R-Finger42",
        "matrix": [
          0.7703523039817811,
          0.6376182436943054,
          0.000000044703483581542956,
          0,
          -0.6376182729715599,
          0.7703523393537328,
          -0.000000029802322387695286,
          0,
          -0.00000005343994179898179,
          -0.0000000055454707160707384,
          0.9999998211860647,
          0,
          0.9404678344726562,
          0,
          -0.000003814697265625,
          1
        ],
        "children": [
          "Bip01-R-Finger4Nub"
        ],
        "jointName": "Bip01-R-Finger42"
      },
      "Bip01-R-Finger4Nub": {
        "name": "Bip01-R-Finger4Nub",
        "matrix": [
          -1.0000001192092893,
          -0.0000000968575474383841,
          0.00000317394733428955,
          0,
          0.00000009686036207546038,
          -0.999999880790707,
          0.000000894069671630951,
          0,
          0.0000031739468693284886,
          0.0000008940700856421483,
          1.0000000000001024,
          0,
          0.9055919647216797,
          0,
          0.000003814697265625,
          1
        ]
      },
      "Bone14": {
        "name": "Bone14",
        "matrix": [
          0.3243977725505826,
          -0.0030607283115386655,
          0.9459158778190614,
          0,
          -0.22192016241691212,
          0.9718387002666224,
          0.07925117058940456,
          0,
          -0.9195203772400559,
          -0.2356267478293139,
          0.3145831248964708,
          0,
          0.7691669464111328,
          1.5118179321289062,
          -6.213218688964844,
          1
        ],
        "children": [
          "dg01"
        ],
        "jointName": "Bone14"
      },
      "dg01": {
        "name": "dg01",
        "matrix": [
          0.9999999403953552,
          0.0000018924474716186526,
          0.0000029057264328002934,
          0,
          -0.0000018924469944724708,
          0.9999999999999719,
          -0.0000002030283212661702,
          0,
          -0.0000029057276829843855,
          0.00000020302287073627517,
          1.0000002384185585,
          0,
          45.62895965576172,
          0.0000934600830078125,
          0.0001277923583984375,
          1
        ]
      },
      "Bip01-RUpArmTwist": {
        "name": "Bip01-RUpArmTwist",
        "matrix": [
          0.55446594953537,
          -0.3495321571826936,
          0.7552450299262998,
          0,
          0.12997777351193146,
          0.9327562606454048,
          0.33626180674773504,
          0,
          -0.821993670223353,
          -0.0882806357892151,
          0.5626128779014353,
          0,
          6.956832408905029,
          -0.000019073486328125,
          0.000011444091796875,
          1
        ],
        "children": [
          "Bip01-RUpArmTwist1"
        ],
        "jointName": "Bip01-RUpArmTwist"
      },
      "Bip01-RUpArmTwist1": {
        "name": "Bip01-RUpArmTwist1",
        "matrix": [
          1,
          -0.00000292062759399414,
          0.0000016093254089355467,
          0,
          0.0000031491652429352122,
          0.9858359098906512,
          -0.1677135524360971,
          0,
          -0.0000010967020141281585,
          0.16771356229440482,
          0.9858359678181113,
          0,
          5.2960357666015625,
          -0.0000095367431640625,
          0.000003814697265625,
          1
        ],
        "jointName": "Bip01-RUpArmTwist1"
      },
      "Bip01-L-Thigh": {
        "name": "Bip01-L-Thigh",
        "matrix": [
          -0.894485890865326,
          0.3815096616744996,
          0.23312069475650793,
          0,
          0.437489727344009,
          0.6393656792607456,
          0.6323085330568476,
          0,
          0.09218243494764954,
          0.6675789111514322,
          -0.7388100711866228,
          0,
          -3.4578475952148438,
          0.969001054763794,
          3.681568145751953,
          1
        ],
        "children": [
          "Bip01-L-Calf"
        ],
        "jointName": "Bip01-L-Thigh"
      },
      "Bip01-L-Calf": {
        "name": "Bip01-L-Calf",
        "matrix": [
          0.6735049486160278,
          -0.7391825318336488,
          -0.0000001005828380584717,
          0,
          0.7391824370249952,
          0.6735048622312929,
          -0.00000010430812835693337,
          0,
          0.00000014484581714798377,
          -0.000000004097027868138218,
          0.999999880790708,
          0,
          18.578845977783203,
          -0.000030517578125,
          0.00008296966552734375,
          1
        ],
        "children": [
          "Bip01-L-Foot"
        ],
        "jointName": "Bip01-L-Calf"
      },
      "Bip01-L-Foot": {
        "name": "Bip01-L-Foot",
        "matrix": [
          0.9644660949707031,
          0.25711417198181147,
          0.06080937385559085,
          0,
          -0.24522520250417898,
          0.9568047047508633,
          -0.15617092169485186,
          0,
          -0.09833646751355384,
          0.1357095890869183,
          0.9858567254828593,
          0,
          14.034375190734863,
          -0.000025272369384765625,
          0.00005245208740234375,
          1
        ],
        "children": [
          "Bip01-L-Toe0"
        ],
        "jointName": "Bip01-L-Foot"
      },
      "Bip01-L-Toe0": {
        "name": "Bip01-L-Toe0",
        "matrix": [
          0.0000000000000002220445916901419,
          0.9999999403953551,
          0.000000059600701263207156,
          0,
          -0.9999999999999999,
          -0.0000000000000027755575615628945,
          0.00000004895719030173496,
          0,
          0.0000000489571873836592,
          -0.000000059600701263207156,
          0.9999999403953552,
          0,
          4.820728302001953,
          6.667240142822266,
          0.000030279159545898438,
          1
        ],
        "children": [
          "Bip01-L-Toe0Nub"
        ],
        "jointName": "Bip01-L-Toe0"
      },
      "Bip01-L-Toe0Nub": {
        "name": "Bip01-L-Toe0Nub",
        "matrix": [
          -0.9999997019767759,
          0.000690611021127355,
          -0.0000015813772051842536,
          0,
          -0.0006906109862757274,
          -0.9999996423720346,
          0.000003991504399892099,
          0,
          -0.0000015786202507284797,
          0.000003992595802332507,
          0.9999999403954525,
          0,
          2.8172855377197266,
          -0.000006891787052154541,
          0.000003814697265625,
          1
        ]
      },
      "Bip01-R-Thigh": {
        "name": "Bip01-R-Thigh",
        "matrix": [
          -0.7956243753433224,
          0.01607906073331848,
          -0.6055771112442015,
          0,
          0.3931114215342858,
          0.7742898335393648,
          -0.49592227044850484,
          0,
          0.46091820217655005,
          -0.6326270787831304,
          -0.6223646814161017,
          0,
          -2.6333656311035156,
          0.5613396763801575,
          -4.381236553192139,
          1
        ],
        "children": [
          "Bip01-R-Calf"
        ],
        "jointName": "Bip01-R-Thigh"
      },
      "Bip01-R-Calf": {
        "name": "Bip01-R-Calf",
        "matrix": [
          0.7125411629676818,
          -0.7016304731369017,
          -0.00000014901161193847664,
          0,
          0.7016304433381264,
          0.7125411327055244,
          -0.00000001490116119384768,
          0,
          0.00000011663198969200463,
          -0.00000009393337502779978,
          1.0000000000000016,
          0,
          18.578853607177734,
          -0.00000667572021484375,
          -0.0000057220458984375,
          1
        ],
        "children": [
          "Bip01-R-Foot"
        ],
        "jointName": "Bip01-R-Calf"
      },
      "Bip01-R-Foot": {
        "name": "Bip01-R-Foot",
        "matrix": [
          0.834694504737854,
          0.4301522076129914,
          -0.3438811004161835,
          0,
          -0.41289200545096866,
          0.9020087294686131,
          0.12609695099416146,
          0,
          0.36442464189479584,
          0.036733325690621876,
          0.9305081516029007,
          0,
          14.034378051757812,
          -0.000003337860107421875,
          -0.00000286102294921875,
          1
        ],
        "children": [
          "Bip01-R-Toe0"
        ],
        "jointName": "Bip01-R-Foot"
      },
      "Bip01-R-Toe0": {
        "name": "Bip01-R-Toe0",
        "matrix": [
          0.0000003576278975181623,
          0.999999940395355,
          0.000000014901126554889276,
          0,
          -0.9999997615814206,
          0.0000003576278347905533,
          -0.0000000816825149740907,
          0,
          -0.00000008168253977777326,
          -0.000000014901098231109,
          0.9999999999999999,
          0,
          4.820717811584473,
          6.667253494262695,
          0,
          1
        ],
        "children": [
          "Bip01-R-Toe0Nub"
        ],
        "jointName": "Bip01-R-Toe0"
      },
      "Bip01-R-Toe0Nub": {
        "name": "Bip01-R-Toe0Nub",
        "matrix": [
          0.9999999999999999,
          0,
          0.000000014901123890354029,
          0,
          0.00000000000000766614736537149,
          1,
          -0.0000005144677288626551,
          0,
          -0.000000014901123890354029,
          0.0000005144677288626551,
          0.9999999999999999,
          0,
          2.817281723022461,
          -0.0000005289912223815918,
          0.00000095367431640625,
          1
        ]
      },
      "Bone04": {
        "name": "Bone04",
        "matrix": [
          -0.8279054164886478,
          0.5343871116638184,
          -0.17030280828475955,
          0,
          0.5372920674154041,
          0.8427689428652807,
          0.03251765713041281,
          0,
          0.1609029672956993,
          -0.06458081661226578,
          -0.9848551289364399,
          0,
          2.706432342529297,
          5.0731353759765625,
          -0.000013828277587890625,
          1
        ],
        "children": [
          "Bone05"
        ],
        "jointName": "Bone04"
      },
      "Bip01-L-Finger2Nub": {
        "name": "Bip01-L-Finger2Nub",
        "matrix": [
          1.0000001192092896,
          -0.00000042468309402465826,
          0.0000008046627044677732,
          0,
          0.00000042468450622817077,
          0.9999999999999849,
          -0.000001817941665649604,
          0,
          -0.0000008046619324186209,
          0.000001817942224092811,
          1.000000119209394,
          0,
          1.3300189971923828,
          0,
          0.000003814697265625,
          1
        ]
      },
      "Bip01-L-Finger3": {
        "name": "Bip01-L-Finger3",
        "matrix": [
          0.9390427470207215,
          0.326234370470047,
          0.10848858952522279,
          0,
          -0.3060984270638299,
          0.9370210979087062,
          -0.1682110557849542,
          0,
          -0.15653236770581555,
          0.12474921920452077,
          0.9797629597682033,
          0,
          3.8492565155029297,
          0.15970230102539062,
          0.8913040161132812,
          1
        ],
        "children": [
          "Bip01-L-Finger31"
        ],
        "jointName": "Bip01-L-Finger3"
      },
      "Bip01-L-Finger31": {
        "name": "Bip01-L-Finger31",
        "matrix": [
          0.9999999403953552,
          0.00000006705522537231445,
          -0.000000029802322387695306,
          0,
          -0.00000006705522848093895,
          0.9999999999999978,
          0.000000029802322387695286,
          0,
          0.00000002980232260973953,
          -0.000000029802316836580097,
          0.9999998807907096,
          0,
          1.8866214752197266,
          -0.0000057220458984375,
          0.00000762939453125,
          1
        ],
        "children": [
          "Bip01-L-Finger32"
        ],
        "jointName": "Bip01-L-Finger31"
      },
      "Bip01-L-Finger32": {
        "name": "Bip01-L-Finger32",
        "matrix": [
          1.0000001192092896,
          -0.000000029802322387695312,
          0,
          0,
          0.00000002980232594040859,
          1.0000002384185795,
          -0.000000014901161193847663,
          0,
          0.00000000000000044408905103142884,
          0.000000014901157641134813,
          1.0000000000000002,
          0,
          1.1788043975830078,
          0.000003814697265625,
          0.000003814697265625,
          1
        ],
        "children": [
          "Bip01-L-Finger3Nub"
        ],
        "jointName": "Bip01-L-Finger32"
      },
      "Bip01-L-Finger3Nub": {
        "name": "Bip01-L-Finger3Nub",
        "matrix": [
          1,
          -0.000000305473804473877,
          0.0000008940696716308595,
          0,
          0.00000030547544938031246,
          1.0000002384185862,
          -0.0000017583370208742168,
          0,
          -0.0000008940691345051033,
          0.0000017583368747703895,
          1.0000000000001101,
          0,
          1.1051864624023438,
          0,
          0.00000762939453125,
          1
        ]
      },
      "Bip01-L-Finger4": {
        "name": "Bip01-L-Finger4",
        "matrix": [
          0.8764055967330933,
          0.40489026904106135,
          0.26072388887405396,
          0,
          -0.3290873870879084,
          0.8988006398411715,
          -0.28958453077511925,
          0,
          -0.3515887705638053,
          0.1679925667735593,
          0.9209582280692833,
          0,
          3.5281734466552734,
          0.3223991394042969,
          1.7764892578125,
          1
        ],
        "children": [
          "Bip01-L-Finger41"
        ],
        "jointName": "Bip01-L-Finger4"
      },
      "Bip01-L-Finger41": {
        "name": "Bip01-L-Finger41",
        "matrix": [
          0.9999999999999999,
          -0.000000016763806343078617,
          0,
          0,
          0.000000016763808341480064,
          1.0000001192092896,
          0,
          0,
          0,
          0,
          1.0000000000000002,
          0,
          1.441049575805664,
          -0.000003814697265625,
          0.000003814697265625,
          1
        ],
        "children": [
          "Bip01-L-Finger42"
        ],
        "jointName": "Bip01-L-Finger41"
      },
      "Bip01-L-Finger42": {
        "name": "Bip01-L-Finger42",
        "matrix": [
          1.0000001192092896,
          -0.00000005029141902923584,
          -0.000000014901161193847655,
          0,
          0.000000050291418918213564,
          1.0000001192092898,
          -0.000000007450580596923828,
          0,
          0.000000014901159792191172,
          0.000000007450578959345133,
          1,
          0,
          0.9404678344726562,
          -0.000003814697265625,
          0,
          1
        ],
        "children": [
          "Bip01-L-Finger4Nub"
        ],
        "jointName": "Bip01-L-Finger42"
      },
      "Bip01-L-Finger4Nub": {
        "name": "Bip01-L-Finger4Nub",
        "matrix": [
          1.0000001192092893,
          0.000000009313225746154787,
          0.00000001490116119384766,
          0,
          -0.000000009313195770136702,
          1.00000011920929,
          -0.0000020116567611693735,
          0,
          -0.00000001490117992885852,
          0.000002011656761030534,
          1.0000001192092596,
          0,
          0.9055852890014648,
          0.0000019073486328125,
          0.00000762939453125,
          1
        ]
      },
      "Bip01-LUpArmTwist": {
        "name": "Bip01-LUpArmTwist",
        "matrix": [
          0.5555100440979003,
          -0.8301316499710085,
          -0.047855496406555204,
          0,
          0.4374163618695066,
          0.34068780836750906,
          -0.832225198867627,
          0,
          0.7071602003739992,
          0.44137664152902595,
          0.5523686177721232,
          0,
          6.956832408905029,
          0.000011444091796875,
          0.00000762939453125,
          1
        ],
        "children": [
          "Bip01-LUpArmTwist1"
        ],
        "jointName": "Bip01-LUpArmTwist"
      },
      "Bip01-Spine2": {
        "name": "Bip01-Spine2",
        "matrix": [
          0.90542471408844,
          0.38908910751342773,
          0.16975307464599612,
          0,
          -0.38879010121661123,
          0.9206074038060024,
          -0.0363949041603479,
          0,
          -0.17043675404739494,
          -0.03304546083551519,
          0.9848144342363933,
          0,
          7.322017669677734,
          -0.0049228668212890625,
          0.00019550323486328125,
          1
        ],
        "children": [
          "Bip01-Neck"
        ],
        "jointName": "Bip01-Spine2"
      },
      "Bip01-Neck": {
        "name": "Bip01-Neck",
        "matrix": [
          0.9743978977203369,
          0.19342249631881714,
          0.11461310088634492,
          0,
          -0.22358805485565575,
          0.8871546063787106,
          0.4036892088462365,
          0,
          -0.02359696956608114,
          -0.41898010197986696,
          0.907688684505466,
          0,
          7.134998321533203,
          -1.8604393005371094,
          -0.0007925033569335938,
          1
        ],
        "children": [
          "Bip01-Head",
          "Bip01-L-Clavicle",
          "Bip01-R-Clavicle"
        ],
        "jointName": "Bip01-Neck"
      },
      "Bip01-Head": {
        "name": "Bip01-Head",
        "matrix": [
          0.9547194838523865,
          0.14566573500633243,
          0.2594067454338075,
          0,
          -0.13122717055731703,
          0.9887173209433507,
          -0.07223057633092791,
          0,
          -0.2670015598242088,
          0.034918738071277655,
          0.963063344088144,
          0,
          2.446460723876953,
          0.000003814697265625,
          -0.000002384185791015625,
          1
        ],
        "children": [
          "Bip01-HeadNub",
          "Bone11"
        ],
        "jointName": "Bip01-Head"
      },
      "Bip01-HeadNub": {
        "name": "Bip01-HeadNub",
        "matrix": [
          0.9999998807907104,
          -0.000000029802322387695312,
          -0.000000011175870895385742,
          0,
          0.000000029802324108541186,
          0.9999999999999994,
          -0.00000016391277313232438,
          0,
          0.000000011175875114232864,
          0.00000016391274348936973,
          0.9999998211860666,
          0,
          9.019594192504883,
          0,
          -0.00000286102294921875,
          1
        ]
      },
      "Bone11": {
        "name": "Bone11",
        "matrix": [
          0.23057711124420158,
          0.9730540513992308,
          -0.000000056810677051544196,
          0,
          0.9730540380260942,
          -0.23057710807528248,
          -0.00000016856938617588285,
          0,
          -0.00000017712633810762046,
          -0.000000016411614035130755,
          -0.9999998211860627,
          0,
          3.9594249725341797,
          1.7774276733398438,
          -0.00000476837158203125,
          1
        ],
        "jointName": "Bone11"
      },
      "Bip01-L-Clavicle": {
        "name": "Bip01-L-Clavicle",
        "matrix": [
          0.27491876482963584,
          0.19075942039489735,
          0.9423537850379942,
          0,
          -0.21133294618963824,
          -0.9441619359612996,
          0.25277892441166433,
          0,
          0.9379544563457958,
          -0.26864404884835,
          -0.21925406448689355,
          0,
          -2.3399085998535156,
          1.152435302734375,
          1.0258712768554688,
          1
        ],
        "children": [
          "Bip01-L-UpperArm",
          "Bip01-LUpArmTwist"
        ],
        "jointName": "Bip01-L-Clavicle"
      },
      "Bip01-L-UpperArm": {
        "name": "Bip01-L-UpperArm",
        "matrix": [
          0.5555098056793215,
          -0.830132007598877,
          -0.0478554964065551,
          0,
          0.3395205284808795,
          0.2789848604976263,
          -0.8982725655760809,
          0,
          0.759035620574001,
          0.482751201650755,
          0.4368255991755105,
          0,
          6.956832408905029,
          0.000011444091796875,
          0.00000762939453125,
          1
        ],
        "children": [
          "Bip01-L-Forearm"
        ]
      },
      "Bip01-L-Forearm": {
        "name": "Bip01-L-Forearm",
        "matrix": [
          -0.4638640880584718,
          -0.885906219482422,
          -0.00000005960464477539064,
          0,
          0.8859064088088611,
          -0.4638641871905589,
          -0.000000059604644775390426,
          0,
          0.000000025155664035842255,
          -0.00000008045258658314288,
          0.9999998807907069,
          0,
          10.592082977294922,
          0.0000209808349609375,
          0.000003814697265625,
          1
        ],
        "children": [
          "Bip01-L-Hand"
        ],
        "jointName": "Bip01-L-Forearm"
      },
      "Bip01-L-Hand": {
        "name": "Bip01-L-Hand",
        "matrix": [
          0.9880751371383668,
          -0.10761676728725433,
          -0.11011984944343561,
          0,
          -0.14783092581585547,
          -0.8630352056198426,
          -0.48302829765688143,
          0,
          -0.04305535979711249,
          0.4935473339690354,
          -0.8686526507666441,
          0,
          9.287910461425781,
          0.00001239776611328125,
          0,
          1
        ],
        "children": [
          "Bip01-L-Finger0",
          "Bip01-L-Finger1",
          "Bip01-L-Finger2",
          "Bip01-L-Finger3",
          "Bip01-L-Finger4"
        ],
        "jointName": "Bip01-L-Hand"
      },
      "Bip01-L-Finger0": {
        "name": "Bip01-L-Finger0",
        "matrix": [
          0.48179352283477794,
          0.19320704042911532,
          -0.8547198772430418,
          0,
          0.8338465113570566,
          0.19878274992032524,
          0.5149617865801845,
          0,
          0.2693977627601471,
          -0.960810271452882,
          -0.06533276373237847,
          0,
          1.6857433319091797,
          1.1524696350097656,
          -2.303150177001953,
          1
        ],
        "children": [
          "Bip01-L-Finger01"
        ],
        "jointName": "Bip01-L-Finger0"
      },
      "Bone02": {
        "name": "Bone02",
        "matrix": [
          0.9979067444801328,
          -0.012797921895980831,
          0.06339343637228012,
          0,
          0.010431780908607854,
          0.9992418882141542,
          0.03751610972706681,
          0,
          -0.06382547315817778,
          -0.0367762539620766,
          0.997283222462956,
          0,
          2.8456649780273438,
          -0.0000057220458984375,
          -0.00009083747863769531,
          1
        ],
        "children": [
          "Bone03"
        ],
        "jointName": "Bone02"
      },
      "Bone03": {
        "name": "Bone03",
        "matrix": [
          0.9924431443214417,
          -0.026995092630386346,
          0.1196993440389633,
          0,
          0.029615518804631768,
          0.9993581781427824,
          -0.02016679400093637,
          0,
          -0.11907806960542004,
          0.023559345857585113,
          0.9926052769678686,
          0,
          9.341073989868164,
          0.000003814697265625,
          -0.0002913475036621094,
          1
        ],
        "children": [
          "Bone07"
        ],
        "jointName": "Bone03"
      },
      "Bone07": {
        "name": "Bone07",
        "matrix": [
          0.9969629645347595,
          -0.008782714605331423,
          0.07738114148378374,
          0,
          0.008847073556926035,
          0.9999608992137913,
          -0.000488923861283174,
          0,
          -0.07737380487588356,
          0.001172035377326089,
          0.9970014664979964,
          0,
          9.641304969787598,
          -0.00005626678466796875,
          -0.0002980232238769531,
          1
        ],
        "jointName": "Bone07"
      },
      "Bone17": {
        "name": "Bone17",
        "matrix": [
          -0.9028407931327822,
          -0.10627610981464411,
          0.41663375496864336,
          0,
          0.4051558608447276,
          0.11416949919933092,
          0.9070909989285034,
          0,
          -0.14396897111458742,
          0.9877603738042343,
          -0.06001849301075948,
          0,
          -1.0284881591796875,
          -3.448594093322754,
          5.991363525390625,
          1
        ],
        "children": [
          "Bone18"
        ],
        "jointName": "Bone17"
      },
      "Bone18": {
        "name": "Bone18",
        "matrix": [
          0.999558687210083,
          0.029069781303405755,
          -0.006103336811065673,
          0,
          -0.029134896335228186,
          0.9995163619201118,
          -0.010865643614637412,
          0,
          0.005784523511127407,
          0.011038669296204989,
          0.9999222750045281,
          0,
          6.447784423828125,
          0.0000095367431640625,
          0.000005841255187988281,
          1
        ],
        "jointName": "Bone18"
      },
      "K_ChangLeBangGaoShou001": {
        "name": "K_ChangLeBangGaoShou001",
        "matrix": [
          2.54,
          0,
          0,
          0,
          0,
          0.0000000000000005639932965095795,
          -2.5400000000000005,
          0,
          0,
          2.5400000000000005,
          0.0000000000000005639932965095795,
          0,
          0,
          0,
          0,
          1
        ],
        "skin": "skin_K_ChangLeBangGaoShou001",
        "meshes": [
          "mesh_M_ChangLeBangGaoShou001_a_MI_32",
          "mesh_M_ChangLeBangGaoShou001_b_MI_33",
          "mesh_M_ChangLeBangGaoShou001_c_MI_34",
          "mesh_M_ChangLeBangGaoShou001_wq_MI_35"
        ]
      },
      "Bone05": {
        "name": "Bone05",
        "matrix": [
          0.9977786540985109,
          -0.0648539662361145,
          -0.015221707522869105,
          0,
          0.06485379380280959,
          0.9978945154289269,
          -0.0005049444729008205,
          0,
          0.015222407265473567,
          -0.0004833627013195551,
          0.9998839485601947,
          0,
          5.460596084594727,
          -0.000003814697265625,
          -0.00001919269561767578,
          1
        ],
        "children": [
          "Bone06"
        ],
        "jointName": "Bone05"
      },
      "Bone06": {
        "name": "Bone06",
        "matrix": [
          0.9853022098541262,
          -0.15966302156448373,
          -0.06072429940104485,
          0,
          0.15954326854696846,
          0.9871671404235555,
          -0.006846573227164292,
          0,
          0.06103818329256933,
          -0.0029422097522068136,
          0.9981312189782249,
          0,
          6.382331848144531,
          0.00000762939453125,
          -0.000014781951904296875,
          1
        ],
        "children": [
          "Bone08"
        ],
        "jointName": "Bone06"
      },
      "Bone08": {
        "name": "Bone08",
        "matrix": [
          0.9872182011604308,
          -0.1578591763973236,
          -0.02192685939371586,
          0,
          0.15784023907222772,
          0.9874613115055852,
          -0.002602856608459632,
          0,
          0.022062809420830543,
          -0.0008913532810880148,
          0.9997562774581367,
          0,
          9.478607177734375,
          -0.0000095367431640625,
          -0.000023305416107177734,
          1
        ],
        "jointName": "Bone08"
      },
      "Bone15": {
        "name": "Bone15",
        "matrix": [
          -0.7963430285453792,
          0.37088483572006253,
          0.4777897000312806,
          0,
          0.4809733286853424,
          -0.09067283539929642,
          0.872034154040785,
          0,
          0.3667466806714741,
          0.9242421441483224,
          -0.10617900176542266,
          0,
          -1.1144866943359375,
          5.53797721862793,
          5.685488700866699,
          1
        ],
        "children": [
