{
    "asset": {
      "generator": "tmx:FBX2GLTF",
      "premultipliedAlpha": true,
      "profile": {
        "api": "WebGL",
        "version": "1.0.2"
      },
      "version": "1.0"
    },
    "scene": "test",
    "scenes": {
      "test": {
        "nodes": [
          "RootNode"
        ]
      }
    },
    "nodes": {
      "RootNode": {
        "name": "RootNode",
        "children": [
          "Sky001",
          "Bip01",
          "K_ChangLeBangGaoShou001"
        ]
      },
      "Sky001": {
        "name": "Sky001",
        "matrix": [
          2.54,
          0,
          0,
          0,
          0,
          2.5400000000000005,
          -0.00000000000000000000000000000012523166870383563,
          0,
          0,
          0.00000000000000000000000000000012523166870383563,
          2.5400000000000005,
          0,
          0,
          0,
          0,
          1
        ]
      },
      "Bip01": {
        "name": "Bip01",
        "matrix": [
          0.0000030279156663914124,
          -0.0000000000000005639932292763395,
          2.5399996972084056,
          0,
          2.539999697208405,
          0.0000000000000000000006723323378901941,
          -0.0000030279156663914128,
          0,
          0,
          2.5400000000000005,
          0.0000000000000005639932965095795,
          0,
          -0.00000000000000000000000000000004960468611034971,
          94.1478192138672,
          -1.842148185968399,
          1
        ],
        "children": [
          "Bip01-Pelvis"
        ]
      },
      "Bip01-Pelvis": {
        "name": "Bip01-Pelvis",
        "matrix": [
          0.00000000000000022204460492520535,
          0,
          1.0000000000007838,
          0,
          1.0000000000007465,
          0.0000014305112474602757,
          -0.00000000000000022204460492542426,
          0,
          -0.0000014305112474592078,
          1,
          0,
          0,
          0,
          0,
          0,
          1
        ],
        "children": [
          "Bip01-Spine",
          "Bone04",
          "Bone15",
          "Bone09",
          "Bone12",
          "Bone01",
          "Bone17"
        ],
        "jointName": "Bip01-Pelvis"
      },
      "Bip01-Spine": {
        "name": "Bip01-Spine",
        "matrix": [
          0.9960492849349976,
          0.08880300074815753,
          -0.00000017713234967686733,
          0,
          -0.08880300613859576,
          0.9960493453875731,
          -0.000004358620572020542,
          0,
          -0.000000210625980395685,
          0.000004357129866996751,
          1.0000000000000555,
          0,
          3.1588211059570312,
          -0.0056411027908325195,
          -0.00000018113155419996474,
          1
        ],
        "children": [
          "Bip01-Spine1",
          "Bip01-L-Thigh",
          "Bip01-R-Thigh"
        ],
        "jointName": "Bip01-Spine"
      },
      "Bip01-Spine1": {
        "name": "Bip01-Spine1",
        "matrix": [
          0.9960525631904603,
          -0.0887659192085266,
          -0.00000021056294485788377,
          0,
          0.0887659033988975,
          0.996052385785444,
          0.0000014141594419925755,
          0,
          0.00000008420256763301448,
          -0.000001427268062669254,
          1.0000000000000366,
          0,
          7.108730316162109,
          -0.005805492401123047,
          0.0000004236053428030573,
          1
        ],
        "children": [
          "Bip01-Spine2"
        ],
        "jointName": "Bip01-Spine1"
      },
      "Bip01-LUpArmTwist1": {
        "name": "Bip01-LUpArmTwist1",
        "matrix": [
          1.0000004768371582,
          -0.000000005587935447692871,
          -0.00000023841857910156255,
          0,
          0.000000003738629176530922,
          0.9999697208404184,
          -0.0077558355452986,
          0,
          0.0000002384546139632775,
          0.007755836474599555,
          0.9999698406564851,
          0,
          5.296043395996094,
          0.000000476837158203125,
          0,
          1
        ],
        "jointName": "Bip01-LUpArmTwist1"
      },
      "Bip01-R-Clavicle": {
        "name": "Bip01-R-Clavicle",
        "matrix": [
          -0.3531784117221826,
          0.03036984056234337,
          -0.9350627660751343,
          0,
          -0.49051854106614234,
          -0.8570914337967594,
          0.15743416848921554,
          0,
          -0.7966532981469286,
          0.5142681424496804,
          0.3176032655773585,
          0,
          -2.1555519104003906,
          1.3925304412841797,
          -1.127427339553833,
          1
        ],
        "children": [
          "Bip01-R-UpperArm",
          "Bip01-RUpArmTwist"
        ],
        "jointName": "Bip01-R-Clavicle"
      },
      "Bip01-R-UpperArm": {
        "name": "Bip01-R-UpperArm",
        "matrix": [
          0.7820715904235841,
          -0.054592236876487774,
          0.6207932829856871,
          0,
          0.23678431740753303,
          0.9474795006145853,
          -0.21497858631337885,
          0,
          -0.5764527085726526,
          0.3151227372018147,
          0.7539233341264691,
          0,
          6.956836700439453,
          0.000000476837158203125,
          0.00000762939453125,
          1
        ],
        "children": [
          "Bip01-R-Forearm"
        ]
      },
      "Bip01-R-Forearm": {
        "name": "Bip01-R-Forearm",
        "matrix": [
          0.9748632907867432,
          -0.22280357778072363,
          -0.00000038743019104003906,
          0,
          0.2228036439919345,
          0.9748635804887696,
          0.0000005960464477538869,
          0,
          0.00000024489014443322724,
          -0.0000006673842300765919,
          0.999999523162809,
          0,
          10.59207534790039,
          0.00000095367431640625,
          0,
          1
        ],
        "children": [
          "Bip01-R-Hand"
        ],
        "jointName": "Bip01-R-Forearm"
      },
      "Bip01-R-Hand": {
        "name": "Bip01-R-Hand",
        "matrix": [
          0.9696201086044313,
          -0.10687138140201571,
          0.22003418207168585,
          0,
          -0.2280417196684761,
          -0.0694573139151469,
          0.9711710966575398,
          0,
          -0.08850737015139522,
          -0.9918435125830156,
          -0.0917182970203744,
          0,
          9.28790283203125,
          0.000000476837158203125,
          0,
          1
        ],
        "children": [
          "Bip01-R-Finger0",
          "Bip01-R-Finger1",
          "Bip01-R-Finger2",
          "Bip01-R-Finger3",
          "Bip01-R-Finger4",
          "Bone14"
        ],
        "jointName": "Bip01-R-Hand"
      },
      "Bip01-R-Finger0": {
        "name": "Bip01-R-Finger0",
        "matrix": [
          0.6502047181129454,
          0.5769326090812684,
          0.4943505227565766,
          0,
          0.5714255225110031,
          0.05746148108234817,
          -0.8186397189036625,
          0,
          -0.5007060738130061,
          0.8147679324367315,
          -0.2923122983053958,
          0,
          1.6857490539550781,
          1.1524677276611328,
          2.303142547607422,
          1
        ],
        "children": [
          "Bip01-R-Finger01"
        ],
        "jointName": "Bip01-R-Finger0"
      },
      "Bip01-R-Finger01": {
        "name": "Bip01-R-Finger01",
        "matrix": [
          0.9957989454269409,
          0.09156987071037287,
          0.000000260770320892334,
          0,
          -0.09156987239695279,
          0.9957989637689788,
          -0.00000032037496566772085,
          0,
          -0.0000002890113190645868,
          0.0000002951501534521056,
          0.9999999403953436,
          0,
          1.2276687622070312,
          0,
          0.00000095367431640625,
          1
        ],
        "children": [
          "Bip01-R-Finger02"
        ],
        "jointName": "Bip01-R-Finger01"
      },
      "Bip01-R-Finger02": {
        "name": "Bip01-R-Finger02",
        "matrix": [
          0.9999998807907104,
          0,
          -0.00000031292438507080073,
          0,
          0.00000000000006294965300042992,
          1.0000001192092896,
          0.00000020116567611694378,
          0,
          0.00000031292442237429954,
          -0.00000020116565213614945,
          1.0000000000000022,
          0,
          0.9520950317382812,
          -0.000003814697265625,
          0,
          1
        ],
        "children": [
          "Bip01-R-Finger0Nub"
        ],
        "jointName": "Bip01-R-Finger02"
      },
      "Bip01-R-Finger0Nub": {
        "name": "Bip01-R-Finger0Nub",
        "matrix": [
          -0.9999998807907106,
          -0.0000002980232244435116,
          0.00000004470348358154297,
          0,
          0.0000002980232285513464,
          -0.999999940395386,
          -0.00000030547380447387235,
          0,
          0.000000044703579948913934,
          -0.00000030547380935881104,
          0.9999999999999848,
          0,
          0.8882217407226562,
          -0.0000019073486328125,
          0.0000019073486328125,
          1
        ]
      },
      "Bip01-R-Finger1": {
        "name": "Bip01-R-Finger1",
        "matrix": [
          0.9445369243621826,
          0.3071852624416352,
          0.1161352694034576,
          0,
          -0.2931952945730889,
          0.948085627454889,
          -0.12316801422012345,
          0,
          -0.14794155143163892,
          0.0822864077332689,
          0.9855669755417005,
          0,
          3.7706470489501953,
          -0.17337799072265625,
          1.3427534103393555,
          1
        ],
        "children": [
          "Bip01-R-Finger11"
        ],
        "jointName": "Bip01-R-Finger1"
      },
      "Bip01-R-Finger3Nub": {
        "name": "Bip01-R-Finger3Nub",
        "matrix": [
          -1.0000001192092896,
          -0.000000029802322066070325,
          -0.00000011920928955078125,
          0,
          0.000000029802352264132955,
          -1.000000238418579,
          -0.0000002235174179077166,
          0,
          -0.00000011920932552200227,
          -0.0000002235174747511283,
          1.000000476837166,
          0,
          1.105194091796875,
          0,
          0.000000476837158203125,
          1
        ]
      },
      "Bip01-R-Finger4": {
        "name": "Bip01-R-Finger4",
        "matrix": [
          0.8764057159423828,
          0.4048902690410613,
          -0.26072373986244196,
          0,
          -0.32908692435230014,
          0.8988002613415296,
          0.28958551348000994,
          0,
          0.35158893287505466,
          -0.16799363081222904,
          0.9209578083826108,
          0,
          3.528188705444336,
          0.32239341735839844,
          -1.7764887809753418,
          1
        ],
        "children": [
          "Bip01-R-Finger41"
        ],
        "jointName": "Bip01-R-Finger4"
      },
      "Bip01-R-Finger41": {
        "name": "Bip01-R-Finger41",
        "matrix": [
          0.9763641357421875,
          0.21613264083862302,
          -0.0000000903382897377014,
          0,
          -0.2161326534167331,
          0.9763641925624816,
          -0.0000010558869689702878,
          0,
          -0.0000001400085587841246,
          0.0000010504551551716684,
          1.0000002384185689,
          0,
          1.4410438537597656,
          0.0000019073486328125,
          0.0000008940696716308594,
          1
        ],
        "children": [
          "Bip01-R-Finger42"
        ],
        "jointName": "Bip01-R-Finger41"
      },
      "Bip01-R-Finger42": {
        "name": "Bip01-R-Finger42",
        "matrix": [
          0.9581096172332764,
          0.28640118241310125,
          0.00000005541369318962098,
          0,
          -0.2864012190814677,
          0.9581097399014258,
          0.00000020675361156463557,
          0,
          0.000000006122080121806552,
          -0.0000002139631893613514,
          0.999999880790707,
          0,
          0.9404716491699219,
          -0.00000286102294921875,
          0,
          1
        ],
        "children": [
          "Bip01-R-Finger4Nub"
        ],
        "jointName": "Bip01-R-Finger42"
      },
      "Bip01-R-Finger4Nub": {
        "name": "Bip01-R-Finger4Nub",
        "matrix": [
          -1.0000003576278689,
          -0.00000083446502742211,
          0.00000001396983861923218,
          0,
          0.0000008344645856154258,
          -0.9999998211859528,
          0.0000004176981747150227,
          0,
          0.000000013969488399348269,
          0.0000004176983606493864,
          1.0000002384185325,
          0,
          0.9055938720703125,
          0.0000019073486328125,
          -0.00000011920928955078125,
          1
        ]
      },
      "Bone14": {
        "name": "Bone14",
        "matrix": [
          0.32439798116683966,
          -0.0030604945495724535,
          0.9459159970283506,
          0,
          -0.221920201563026,
          0.9718387312396847,
          0.07925098290198315,
          0,
          -0.9195202368530326,
          -0.23562669868652547,
          0.3145832982896425,
          0,
          0.7691135406494141,
          1.511831283569336,
          -6.213184356689453,
          1
        ],
        "children": [
          "dg01"
        ],
        "jointName": "Bone14"
      },
      "dg01": {
        "name": "dg01",
        "matrix": [
          1.0000001192092896,
          -0.000000617350451648235,
          0.0000001620501279830932,
          0,
          0.0000006173503720174589,
          0.9999999999999365,
          0.00000003725290298461889,
          0,
          -0.00000016205017029900796,
          -0.000000037252811824672295,
          1.0000002384185727,
          0,
          45.62896728515625,
          0.000011444091796875,
          -0.0000762939453125,
          1
        ]
      },
      "Bip01-RUpArmTwist": {
        "name": "Bip01-RUpArmTwist",
        "matrix": [
          0.7820718288421632,
          -0.05459223687648776,
          0.6207930445671082,
          0,
          0.24569703939019652,
          0.9424777224014456,
          -0.2266468142582963,
          0,
          -0.5727104179418144,
          0.3297810784966491,
          0.7504983742790993,
          0,
          6.956836700439453,
          0.000000476837158203125,
          0.00000762939453125,
          1
        ],
        "children": [
          "Bip01-RUpArmTwist1"
        ],
        "jointName": "Bip01-RUpArmTwist"
      },
      "Bip01-RUpArmTwist1": {
        "name": "Bip01-RUpArmTwist1",
        "matrix": [
          0.9999996423721313,
          -0.00000006146728992462158,
          0.0000003576278686523437,
          0,
          0.00000005869163189339964,
          0.9999694824218516,
          0.007756115871545152,
          0,
          -0.00000035809391571397695,
          -0.007756117723640401,
          0.9999697212088647,
          0,
          5.2960357666015625,
          0.000000476837158203125,
          0,
          1
        ],
        "jointName": "Bip01-RUpArmTwist1"
      },
      "Bip01-L-Thigh": {
        "name": "Bip01-L-Thigh",
        "matrix": [
          -0.9923053979873663,
          0.006250046193600119,
          0.12365590035915378,
          0,
          0.011256868710656502,
          0.9991430639945654,
          0.03983280432015158,
          0,
          -0.12330096336254148,
          0.04091828002279093,
          -0.9915252916026446,
          0,
          -3.1458396911621094,
          0.2861208915710449,
          4.057549476623535,
          1
        ],
        "children": [
          "Bip01-L-Calf"
        ],
        "jointName": "Bip01-L-Thigh"
      },
      "Bip01-L-Finger01": {
        "name": "Bip01-L-Finger01",
        "matrix": [
          0.9957986474037169,
          0.09156972169876099,
          -0.00000003725290298461913,
          0,
          -0.09156972713380775,
          0.9957987065085764,
          0.00000008940696716308583,
          0,
          0.000000045283368223933377,
          -0.00000008562010734900178,
          1.0000001192092882,
          0,
          1.2276725769042969,
          -0.0000019073486328125,
          -0.0000019073486328125,
          1
        ],
        "children": [
          "Bip01-L-Finger02"
        ],
        "jointName": "Bip01-L-Finger01"
      },
      "Bip01-L-Finger02": {
        "name": "Bip01-L-Finger02",
        "matrix": [
          0.9999997615814209,
          0.00000005960464477539063,
          0.00000006705522537231445,
          0,
          -0.00000005960464738441526,
          0.9999998807907091,
          -0.00000006705522537231489,
          0,
          -0.00000006705523336592211,
          0.00000006705521737870804,
          0.9999998211860723,
          0,
          0.9520931243896484,
          -0.0000019073486328125,
          -0.0000019073486328125,
          1
        ],
        "children": [
          "Bip01-L-Finger0Nub"
        ],
        "jointName": "Bip01-L-Finger02"
      },
      "Bip01-L-Finger0Nub": {
        "name": "Bip01-L-Finger0Nub",
        "matrix": [
          1.0000001192092896,
          -0.00000023841857910156247,
          -0.00000002235174179077148,
          0,
          0.00000023841854152051092,
          0.999999999999972,
          -0.0000004097819328308162,
          0,
          0.000000022351842154943277,
          0.000000409782025201366,
          1.000000238418593,
          0,
          0.8882236480712891,
          -0.000003814697265625,
          0,
          1
        ]
      },
      "Bip01-L-Finger1": {
        "name": "Bip01-L-Finger1",
        "matrix": [
          0.9445363879203797,
          0.3071856200695038,
          -0.11613550782203673,
          0,
          -0.2931956714839571,
          0.9480854017512874,
          0.12316837276318784,
          0,
          0.14794196387671363,
          -0.08228659914024959,
          0.9855668636421241,
          0,
          3.770641326904297,
          -0.17337989807128906,
          -1.3427553176879883,
          1
        ],
        "children": [
          "Bip01-L-Finger11"
        ],
        "jointName": "Bip01-L-Finger1"
      },
      "Bip01-L-Finger11": {
        "name": "Bip01-L-Finger11",
        "matrix": [
          0.9943377971649169,
          0.10626491159200668,
          0.00000020861625671386721,
          0,
          -0.10626490362339167,
          0.9943377226007304,
          0.00000029522925615309017,
          0,
          -0.0000001760624730488854,
          -0.000000315726141295315,
          0.9999996423720757,
          0,
          1.7271041870117188,
          0.0000057220458984375,
          0,
          1
        ],
        "children": [
          "Bip01-L-Finger12"
        ],
        "jointName": "Bip01-L-Finger11"
      },
      "Bip01-L-Finger12": {
        "name": "Bip01-L-Finger12",
        "matrix": [
          0.9835335016250609,
          0.18072646856307986,
          -0.000000029802322387695312,
          0,
          -0.18072649645373184,
          0.9835336534090652,
          -0.0000001192092895507808,
          0,
          0.000000007767310304622847,
          0.00000012263235519287231,
          0.9999999999999964,
          0,
          1.0268173217773438,
          -0.000003814697265625,
          -0.0000019073486328125,
          1
        ],
        "children": [
          "Bip01-L-Finger1Nub"
        ],
        "jointName": "Bip01-L-Finger12"
      },
      "Bip01-L-Finger1Nub": {
        "name": "Bip01-L-Finger1Nub",
        "matrix": [
          1.0000002384185789,
          -0.0000001341104507446289,
          0.00000011920928955078128,
          0,
          0.00000013411038057854982,
          0.999999999999995,
          0.00000032037496566772143,
          0,
          -0.00000011920931830555253,
          -0.0000003203749878721848,
          1.0000001192092796,
          0,
          1.0072479248046875,
          0.000003814697265625,
          -0.00000095367431640625,
          1
        ]
      },
      "Bip01-L-Finger2": {
        "name": "Bip01-L-Finger2",
        "matrix": [
          0.9762229323387147,
          0.2115576863288879,
          0.04724378883838652,
          0,
          -0.20898069991951918,
          0.9764201533487245,
          -0.05413276353580881,
          0,
          -0.05758199150168346,
          0.042972606403055204,
          0.9974152489911384,
          0,
          3.910459518432617,
          -0.019866943359375,
          -0.25632667541503906,
          1
        ],
        "children": [
          "Bip01-L-Finger21"
        ],
        "jointName": "Bip01-L-Finger2"
      },
      "Bip01-L-Finger21": {
        "name": "Bip01-L-Finger21",
        "matrix": [
          0.9575152993202211,
          0.2883833646774292,
          0.00000031292438507080083,
          0,
          -0.2883833547633607,
          0.9575152664028179,
          -0.00000013038516044616538,
          0,
          -0.00000033723066585006097,
          0.00000003460358952483245,
          1.0000001192092776,
          0,
          2.277252197265625,
          0,
          -0.00000095367431640625,
          1
        ],
        "children": [
          "Bip01-L-Finger22"
        ],
        "jointName": "Bip01-L-Finger21"
      },
      "Bip01-L-Finger22": {
        "name": "Bip01-L-Finger22",
        "matrix": [
          0.9821448922157289,
          0.18812637031078341,
          0.00000001490116119384766,
          0,
          -0.1881263703107847,
          0.9821448922157284,
          0.0000000894069671630858,
          0,
          0.000000002184708855420519,
          -0.00000009061389737851694,
          1.0000001192092878,
          0,
          1.1479682922363281,
          0,
          0.000001430511474609375,
          1
        ],
        "children": [
          "Bip01-L-Finger2Nub"
        ],
        "jointName": "Bip01-L-Finger22"
      },
      "Bip01-R-Finger11": {
        "name": "Bip01-R-Finger11",
        "matrix": [
          0.9943377971649169,
          0.1062653213739395,
          -0.000000029802322387695312,
          0,
          -0.10626531960712295,
          0.9943377806325656,
          -0.00000010570511221885806,
          0,
          0.000000018400785981775022,
          0.00000010827353351967923,
          0.9999998807907221,
          0,
          1.7271041870117188,
          0,
          -0.00000095367431640625,
          1
        ],
        "children": [
          "Bip01-R-Finger12"
        ],
        "jointName": "Bip01-R-Finger11"
      },
      "Bip01-R-Finger12": {
        "name": "Bip01-R-Finger12",
        "matrix": [
          0.9835340976715088,
          0.18072651326656344,
          -0.00000020861625671386724,
          0,
          -0.18072642326753233,
          0.9835336078865817,
          -0.00000002980232238769516,
          0,
          0.00000019979499372649118,
          0.00000006701405806412007,
          1.0000007152557324,
          0,
          1.026824951171875,
          0,
          -0.00000095367431640625,
          1
        ],
        "children": [
          "Bip01-R-Finger1Nub"
        ],
        "jointName": "Bip01-R-Finger12"
      },
      "Bip01-R-Finger1Nub": {
        "name": "Bip01-R-Finger1Nub",
        "matrix": [
          -0.9999994039535522,
          -0.00000029802322355523175,
          -0.00000014901161193847656,
          0,
          0.00000029802326019260564,
          -0.9999997019767505,
          0.00000035017728805540706,
          0,
          -0.00000014901176959022743,
          0.00000035017726451861557,
          0.999999761581384,
          0,
          1.0072479248046875,
          0.0000019073486328125,
          0.00000095367431640625,
          1
        ]
      },
      "Bip01-R-Finger2": {
        "name": "Bip01-R-Finger2",
        "matrix": [
          0.9762229919433594,
          0.2115579247474671,
          -0.04724417626857759,
          0,
          -0.20898098115540087,
          0.9764204336739277,
          0.054132427492331985,
          0,
          0.05758231921373005,
          -0.04297218311510848,
          0.9974155924802494,
          0,
          3.9104690551757812,
          -0.019865036010742188,
          0.25632572174072266,
          1
        ],
        "children": [
          "Bip01-R-Finger21"
        ],
        "jointName": "Bip01-R-Finger2"
      },
      "Bip01-R-Finger21": {
        "name": "Bip01-R-Finger21",
        "matrix": [
          0.9575150609016417,
          0.288383036851883,
          -0.0000000745058059692383,
          0,
          -0.2883830163269999,
          0.9575149927531313,
          0.00000013783574104310755,
          0,
          0.00000011108993844435707,
          -0.0000001104936113916675,
          1.000000000000121,
          0,
          2.277250289916992,
          0.0000019073486328125,
          0.00000095367431640625,
          1
        ],
        "children": [
          "Bip01-R-Finger22"
        ],
        "jointName": "Bip01-R-Finger21"
      },
      "Bip01-R-Finger22": {
        "name": "Bip01-R-Finger22",
        "matrix": [
          0.9821449518203735,
          0.18812657892704007,
          0.00000013411045074462888,
          0,
          -0.1881265846662518,
          0.9821449817830286,
          -0.000000253319740295427,
          0,
          -0.00000017937204153380553,
          0.00000022356691222564312,
          1.0000001192093562,
          0,
          1.1479682922363281,
          -0.00000476837158203125,
          -0.00000095367431640625,
          1
        ],
        "children": [
          "Bip01-R-Finger2Nub"
        ],
        "jointName": "Bip01-R-Finger22"
      },
      "Bip01-R-Finger2Nub": {
        "name": "Bip01-R-Finger2Nub",
        "matrix": [
          -0.9999998807907102,
          0.00000017881393444863587,
          0.0000002086162567138672,
          0,
          -0.000000178813930229787,
          -0.9999997615814158,
          -0.00000008195638656616236,
          0,
          0.00000020861620475541836,
          -0.00000008195641898467296,
          0.9999997019767796,
          0,
          1.3300132751464844,
          0,
          0.00000095367431640625,
          1
        ]
      },
      "Bip01-R-Finger3": {
        "name": "Bip01-R-Finger3",
        "matrix": [
          0.9390428066253662,
          0.3262345790863036,
          -0.10848820209503172,
          0,
          -0.30609878237514243,
          0.9370212182844768,
          0.16821057666551936,
          0,
          0.15653185773885214,
          -0.12474882845398162,
          0.9797630656840594,
          0,
          3.849262237548828,
          0.159698486328125,
          -0.8913154602050781,
          1
        ],
        "children": [
          "Bip01-R-Finger31"
        ],
        "jointName": "Bip01-R-Finger3"
      },
      "Bip01-R-Finger31": {
        "name": "Bip01-R-Finger31",
        "matrix": [
          0.9730595350265503,
          0.23055553436279297,
          -0.00000004470348358154296,
          0,
          -0.23055545888359372,
          0.9730592164666227,
          0.000000003725290298461964,
          0,
          0.00000004435802175509655,
          0.000000006681702737264084,
          1.0000003576278818,
          0,
          1.8866195678710938,
          -0.00000762939453125,
          0.000002384185791015625,
          1
        ],
        "children": [
          "Bip01-R-Finger32"
        ],
        "jointName": "Bip01-R-Finger31"
      },
      "Bip01-R-Finger32": {
        "name": "Bip01-R-Finger32",
        "matrix": [
          0.986661434173584,
          0.16278420388698578,
          0.000000029802322387695303,
          0,
          -0.16278421513632585,
          0.9866615023576308,
          0.00000014156103134156033,
          0,
          -0.000000006360904589247227,
          -0.00000014452416233742382,
          0.9999995827675405,
          0,
          1.1787986755371094,
          0.00000476837158203125,
          -0.000000476837158203125,
          1
        ],
        "children": [
          "Bip01-R-Finger3Nub"
        ],
        "jointName": "Bip01-R-Finger32"
      },
      "Bip01-Spine2": {
        "name": "Bip01-Spine2",
        "matrix": [
          0.9938358068466185,
          -0.11086248606443405,
          -0.00000015454317292551423,
          0,
          0.11086248578944993,
          0.9938358043839542,
          -0.0000017598907788850447,
          0,
          0.000000348696370896874,
          0.0000017319092598887325,
          0.9999999999999318,
          0,
          7.319339752197266,
          -0.005316115915775299,
          -0.00000022685543399347807,
          1
        ],
        "children": [
          "Bip01-Neck"
        ],
        "jointName": "Bip01-Spine2"
      },
      "Bip01-Neck": {
        "name": "Bip01-Neck",
        "matrix": [
          0.8683103919029237,
          0.49602136015892023,
          0.0000015837080127312215,
          0,
          -0.49602128681784247,
          0.8683102635160125,
          -0.00000010712341236283953,
          0,
          -0.0000014282856234563284,
          -0.0000006925366116511546,
          1.0000001192091652,
          0,
          7.1355438232421875,
          -1.860391616821289,
          -0.000004764156983583234,
          1
        ],
        "children": [
          "Bip01-Head",
          "Bip01-L-Clavicle",
          "Bip01-R-Clavicle"
        ],
        "jointName": "Bip01-Neck"
      },
      "Bip01-Head": {
        "name": "Bip01-Head",
        "matrix": [
          0.9814476966857908,
          -0.1917300671339035,
          -0.00000038216330722207204,
          0,
          0.19173006220392638,
          0.9814476714498336,
          -0.00000005989085138935461,
          0,
          0.0000003865561518536618,
          -0.000000014492456026330801,
          0.9999999403953522,
          0,
          2.446453094482422,
          0,
          0.00000025968620320782065,
          1
        ],
        "children": [
          "Bip01-HeadNub",
          "Bone11"
        ],
        "jointName": "Bip01-Head"
      },
      "Bip01-HeadNub": {
        "name": "Bip01-HeadNub",
        "matrix": [
          1.0000001192092896,
          0.0000001788139343261719,
          -0.0000002346930045860063,
          0,
          -0.0000001788140420835254,
          1.0000001192092745,
          -0.00000045914180191175456,
          0,
          0.00000023469292248505615,
          0.0000004591418438781457,
          1.0000001192092876,
          0,
          9.019599914550781,
          0.00000286102294921875,
          -0.0000013970457075629383,
          1
        ]
      },
      "Bone11": {
        "name": "Bone11",
        "matrix": [
          0.23057644069194774,
          0.9730545878410342,
          0.000001409290462106583,
          0,
          0.9730543520688095,
          -0.23057638482059625,
          -0.0000016711810532458362,
          0,
          -0.0000013012006617742484,
          0.0000017566503469422053,
          -1.0000000000001144,
          0,
          3.9594345092773438,
          1.7774286270141602,
          -0.000002870507159968838,
          1
        ],
        "jointName": "Bone11"
      },
      "Bip01-L-Clavicle": {
        "name": "Bip01-L-Clavicle",
        "matrix": [
          -0.35317862033844,
          0.03036424517631543,
          0.9350631833076477,
          0,
          -0.4905183929884849,
          -0.8570906821539067,
          -0.1574393049615015,
          0,
          0.7966534433265576,
          -0.5142699041841101,
          0.317600336277681,
          0,
          -2.1555519104003906,
          1.3925228118896484,
          1.1274306774139404,
          1
        ],
        "children": [
          "Bip01-L-UpperArm",
          "Bip01-LUpArmTwist"
        ],
        "jointName": "Bip01-L-Clavicle"
      },
      "Bip01-L-UpperArm": {
        "name": "Bip01-L-UpperArm",
        "matrix": [
          0.7820713520050048,
          -0.0545922219753265,
          -0.6207927465438843,
          0,
          0.23678393760777453,
          0.9474797167998403,
          0.21497820640513934,
          0,
          0.5764523494759988,
          -0.31512202112537,
          0.7539232412965383,
          0,
          6.9568376541137695,
          -0.000000476837158203125,
          -0.00000762939453125,
          1
        ],
        "children": [
          "Bip01-L-Forearm"
        ]
      },
      "Bip01-L-Forearm": {
        "name": "Bip01-L-Forearm",
        "matrix": [
          0.9748634099960326,
          -0.22280363738536835,
          -0.0000002980232238769529,
          0,
          0.22280364034425595,
          0.9748634229423413,
          0.00000008940696716308909,
          0,
          0.0000002706117686747415,
          -0.000000153560254838855,
          1.0000002384186144,
          0,
          10.592082977294922,
          0.00000095367431640625,
          -0.000003814697265625,
          1
        ],
        "children": [
          "Bip01-L-Hand"
        ],
        "jointName": "Bip01-L-Forearm"
      },
      "Bip01-L-Hand": {
        "name": "Bip01-L-Hand",
        "matrix": [
          0.9696205258369447,
          -0.1068711429834366,
          -0.22003349661827093,
          0,
          -0.22804090461067014,
          -0.06945761502512011,
          -0.9711708917893379,
          0,
          0.08850714363327211,
          0.9918438941203659,
          -0.09171852370631786,
          0,
          9.28790283203125,
          -0.000000476837158203125,
          0,
          1
        ],
        "children": [
          "Bip01-L-Finger0",
          "Bip01-L-Finger1",
          "Bip01-L-Finger2",
          "Bip01-L-Finger3",
          "Bip01-L-Finger4"
        ],
        "jointName": "Bip01-L-Hand"
      },
      "Bip01-L-Finger0": {
        "name": "Bip01-L-Finger0",
        "matrix": [
          0.6502050161361697,
          0.5769325494766234,
          -0.49435049295425415,
          0,
          0.5714254899452696,
          0.05746099448290181,
          0.8186394950968822,
          0,
          0.5007055686364221,
          -0.8147678594504905,
          -0.2923124951005963,
          0,
          1.6857433319091797,
          1.1524658203125,
          -2.3031444549560547,
          1
        ],
        "children": [
          "Bip01-L-Finger01"
        ],
        "jointName": "Bip01-L-Finger0"
      },
      "Bone05": {
        "name": "Bone05",
        "matrix": [
          0.997566819190979,
          -0.06803819537162781,
          -0.015220075845718384,
          0,
          0.06803765173570342,
          0.9976826850138645,
          -0.0005535855891701882,
          0,
          0.01522246847124002,
          -0.0004832995209719197,
          0.9998841290007036,
          0,
          5.460596084594727,
          0,
          -0.0000019073486328125,
          1
        ],
        "children": [
          "Bone06"
        ],
        "jointName": "Bone05"
      },
      "Bone06": {
        "name": "Bone06",
        "matrix": [
          0.9976221919059752,
          -0.031886518001556396,
          -0.06110105663537979,
          0,
          0.03200670989357056,
          0.9994872298582995,
          0.0009891241796484607,
          0,
          0.06103819296018139,
          -0.002942416356214167,
          0.9981313355506334,
          0,
          6.382331848144531,
          0.000011444091796875,
          -0.00000095367431640625,
          1
        ],
        "children": [
          "Bone08"
        ],
        "jointName": "Bone06"
      },
      "Bone08": {
        "name": "Bone08",
        "matrix": [
          0.9975204467773438,
          -0.06682655215263365,
          -0.02207019925117493,
          0,
          0.0668299343711203,
          0.9977641632064254,
          -0.000585082917268701,
          0,
          0.02205995268593675,
          -0.0008913177833345743,
          0.9997561554556705,
          0,
          9.47860336303711,
          -0.0000057220458984375,
          -0.000000476837158203125,
          1
        ],
        "jointName": "Bone08"
      },
      "Bone15": {
        "name": "Bone15",
        "matrix": [
          -0.8757886290550235,
          0.25292080640792874,
          0.4111269414424897,
          0,
          0.3186865122500203,
          -0.3367381177712132,
          0.8860282877076089,
          0,
          0.3625371465862545,
          0.9069942233684052,
          0.2143089915233654,
          0,
          -1.4258308410644531,
          4.843079090118408,
          5.70690393447876,
          1
        ],
        "children": [
          "Bone16"
        ],
        "jointName": "Bone15"
      },
      "Bone16": {
        "name": "Bone16",
        "matrix": [
          0.9999494552612304,
          0.008119463920593263,
          -0.0059698522090911865,
          0,
          -0.00815668320949066,
          0.9999477277300384,
          -0.006236575543469911,
          0,
          0.005918898556175343,
          0.006284950321607437,
          0.9999627470311881,
          0,
          7.167566299438477,
          0.00001239776611328125,
          -0.0000019073486328125,
          1
        ],
        "jointName": "Bone16"
      },
      "Bone09": {
        "name": "Bone09",
        "matrix": [
          -0.7870922088623049,
          0.3464085757732393,
          -0.5103789567947385,
          0,
          -0.3180428449487151,
          0.4810427217692446,
          0.8169740619721427,
          0,
          0.5285210088805289,
          0.805356454621067,
          -0.268452262874041,
          0,
          0.25829315185546875,
          5.438044548034668,
          -7.8151021003723145,
          1
        ],
        "children": [
          "Bone10"
        ],
        "jointName": "Bone09"
      },
      "Bone10": {
        "name": "Bone10",
        "matrix": [
          0.9999813437461853,
          -0.0013613998889923096,
          -0.005969762802124023,
          0,
          0.0013241613593027906,
          0.9999797937696215,
          -0.0062373876574940475,
          0,
          0.005978132241698265,
          0.006229364785512709,
          0.9999626875450385,
          0,
          7.204399108886719,
          0.00003814697265625,
          -0.0000400543212890625,
          1
        ],
        "jointName": "Bone10"
      },
      "Bone12": {
        "name": "Bone12",
        "matrix": [
          -0.827633202075958,
          0.010861081071198,
          -0.5611643195152282,
          0,
          -0.5585644451149508,
          -0.11397773200915008,
          0.8215927899458929,
          0,
          -0.05503684929494276,
          0.9934238861146941,
          0.10039836678848722,
          0,
          -1.51654052734375,
          -4.803732872009277,
          -6.150289058685303,
          1
        ],
        "children": [
          "Bone13"
        ],
        "jointName": "Bone12"
      },
      "Bone13": {
        "name": "Bone13",
        "matrix": [
          0.9991477131843566,
          0.03804692625999449,
          0.01602472364902496,
          0,
          -0.03780575462018483,
          0.9991714936079485,
          -0.015093605962952275,
          0,
          -0.016585707387691877,
          0.014474910757886738,
          0.9997580049816778,
          0,
          6.511775970458984,
          0.000019073486328125,
          0.00000095367431640625,
          1
        ],
        "jointName": "Bone13"
      },
      "Bone01": {
        "name": "Bone01",
        "matrix": [
          -0.8882902860641482,
          -0.4558766484260564,
          0.055829435586929314,
          0,
          -0.4592745546438643,
          0.8824039857487803,
          -0.10212809579199124,
          0,
