{
    "asset": {
      "generator": "tmx:FBX2GLTF",
      "premultipliedAlpha": true,
      "profile": {
        "api": "WebGL",
        "version": "1.0.2"
      },
      "version": "1.0"
    },
    "scene": "test",
    "scenes": {
      "test": {
        "nodes": [
          "RootNode"
        ]
      }
    },
    "nodes": {
      "RootNode": {
        "name": "RootNode",
        "children": [
          "Sky001",
          "Bip01",
          "K_ChangLeBangGaoShou001"
        ]
      },
      "Bip01-Spine1": {
        "name": "Bip01-Spine1",
        "matrix": [
          0.99997478723526,
          0.007095079869031905,
          0.0003498356090858579,
          0,
          -0.00668758528573895,
          0.9568643554943191,
          -0.2904574325723715,
          0,
          -0.0023955642053751216,
          0.29044780592522357,
          0.9568877983250011,
          0,
          7.109291076660156,
          -0.005579471588134766,
          0.0016935132443904877,
          1
        ],
        "children": [
          "Bip01-Spine2"
        ],
        "jointName": "Bip01-Spine1"
      },
      "Bip01-Spine": {
        "name": "Bip01-Spine",
        "matrix": [
          0.9997459053993225,
          0.021622568368911743,
          0.006400508806109428,
          0,
          -0.017631742949097154,
          0.9264942971697542,
          -0.3758956574280588,
          0,
          -0.014057860692733359,
          0.3756871915630359,
          0.9266398752044264,
          0,
          3.1580352783203125,
          0.0029692426323890686,
          0.05058896541595459,
          1
        ],
        "children": [
          "Bip01-Spine1",
          "Bip01-L-Thigh",
          "Bip01-R-Thigh"
        ],
        "jointName": "Bip01-Spine"
      },
      "Bip01": {
        "name": "Bip01",
        "matrix": [
          0.027189928293227927,
          -0.0000000000000005639609909376691,
          2.5398545086383826,
          0,
          2.539854508638382,
          0.000000000000000006037376885809726,
          -0.02718992829322793,
          0,
          0,
          2.5400000000000005,
          0.0000000000000005639932965095795,
          0,
          0.037007588576525446,
          86.34248168945312,
          0.000000000000000000020071747251977803,
          1
        ],
        "children": [
          "Bip01-Pelvis"
        ]
      },
      "Sky001": {
        "name": "Sky001",
        "matrix": [
          2.54,
          0,
          0,
          0,
          0,
          2.5400000000000005,
          -0.00000000000000000000000000000012523166870383563,
          0,
          0,
          0.00000000000000000000000000000012523166870383563,
          2.5400000000000005,
          0,
          0,
          0,
          0,
          1
        ]
      },
      "Bip01-Pelvis": {
        "name": "Bip01-Pelvis",
        "matrix": [
          -0.0015731253661217953,
          -0.015482894144956122,
          0.9998790025711058,
          0,
          0.9977797350609735,
          0.066554727392649,
          0.0026004070526610794,
          0,
          -0.06658692817943714,
          0.9976629758416367,
          0.01534381722396043,
          0,
          0.000000000014551915228366852,
          0,
          -0.000003814697265625,
          1
        ],
        "children": [
          "Bip01-Spine",
          "Bone04",
          "Bone15",
          "Bone09",
          "Bone12",
          "Bone01",
          "Bone17"
        ],
        "jointName": "Bip01-Pelvis"
      },
      "Bip01-LUpArmTwist1": {
        "name": "Bip01-LUpArmTwist1",
        "matrix": [
          0.9999999999999999,
          0.000002518296241760253,
          0.0000011324882507324217,
          0,
          -0.0000025625199481621987,
          0.9991627931622932,
          0.04091171913258567,
          0,
          -0.0000010285124162210819,
          -0.04091172394584236,
          0.9991629106492017,
          0,
          5.2960357666015625,
          0.000013828277587890625,
          0.00000762939453125,
          1
        ],
        "jointName": "Bip01-LUpArmTwist1"
      },
      "Bip01-R-Clavicle": {
        "name": "Bip01-R-Clavicle",
        "matrix": [
          -0.1495403945446018,
          -0.013769112527370588,
          -0.9886599779129025,
          0,
          -0.3632191510607399,
          -0.9292280298290143,
          0.06788034507450569,
          0,
          -0.9196248905370349,
          0.3692509609465694,
          0.13395587349597257,
          0,
          -2.336193084716797,
          1.061380386352539,
          -1.127427339553833,
          1
        ],
        "children": [
          "Bip01-R-UpperArm",
          "Bip01-RUpArmTwist"
        ],
        "jointName": "Bip01-R-Clavicle"
      },
      "Bip01-R-UpperArm": {
        "name": "Bip01-R-UpperArm",
        "matrix": [
          0.8762071132659913,
          0.05998612195253374,
          0.4781866967678069,
          0,
          -0.2893966610181352,
          0.8589042629828553,
          0.4225317819177751,
          0,
          -0.38537057754447435,
          -0.5086110234874585,
          0.7699378645575071,
          0,
          6.956833839416504,
          0.00000667572021484375,
          0,
          1
        ],
        "children": [
          "Bip01-R-Forearm"
        ]
      },
      "Bip01-R-Forearm": {
        "name": "Bip01-R-Forearm",
        "matrix": [
          0.999070405960083,
          -0.04310984164476394,
          0.0000001192092895507813,
          0,
          0.04310983870374542,
          0.9990703378020732,
          0.00000002980232238769531,
          0,
          -0.00000012038323059916605,
          -0.000000024635523448805956,
          0.9999999999999996,
          0,
          10.59207820892334,
          0.000003814697265625,
          -0.00000762939453125,
          1
        ],
        "children": [
          "Bip01-R-Hand"
        ],
        "jointName": "Bip01-R-Forearm"
      },
      "Bip01-R-Hand": {
        "name": "Bip01-R-Hand",
        "matrix": [
          0.5474744439125062,
          0.6273216009140014,
          -0.5538406372070312,
          0,
          0.30252445723288013,
          0.46870421989002037,
          0.829936735751365,
          0,
          0.7802247664511041,
          -0.6219195555515616,
          0.06682346224699064,
          0,
          9.287908554077148,
          0.00000667572021484375,
          -0.00000762939453125,
          1
        ],
        "children": [
          "Bip01-R-Finger0",
          "Bip01-R-Finger1",
          "Bip01-R-Finger2",
          "Bip01-R-Finger3",
          "Bip01-R-Finger4",
          "Bone14"
        ],
        "jointName": "Bip01-R-Hand"
      },
      "Bip01-R-Finger0": {
        "name": "Bip01-R-Finger0",
        "matrix": [
          0.5086025595664978,
          0.5625859498977662,
          0.6517822742462159,
          0,
          0.6739219990007048,
          0.21102394612808348,
          -0.7080241041493032,
          0,
          -0.5358659679189451,
          0.7993531165258646,
          -0.27181167162174885,
          0,
          1.6857471466064453,
          1.1524696350097656,
          2.3031320571899414,
          1
        ],
        "children": [
          "Bip01-R-Finger01"
        ],
        "jointName": "Bip01-R-Finger0"
      },
      "Bip01-R-Finger01": {
        "name": "Bip01-R-Finger01",
        "matrix": [
          0.7210707664489746,
          0.6928613781929016,
          0.000000029802322387695306,
          0,
          -0.6928612900220662,
          0.7210706746883239,
          -0.000000029802322387695385,
          0,
          -0.000000042138461757718387,
          0.0000000008407079683909506,
          0.9999998807907127,
          0,
          1.2276725769042969,
          -0.0000040531158447265625,
          -0.000003814697265625,
          1
        ],
        "children": [
          "Bip01-R-Finger02"
        ],
        "jointName": "Bip01-R-Finger01"
      },
      "Bip01-R-Finger02": {
        "name": "Bip01-R-Finger02",
        "matrix": [
          0.8055033683776855,
          0.5925912857055663,
          -0.000000055879354476928704,
          0,
          -0.5925912153921672,
          0.8055032728014014,
          0.00000011920928955078032,
          0,
          0.00000011565339026646123,
          -0.00000006290987033772897,
          0.9999999999999922,
          0,
          0.9521045684814453,
          0.00000095367431640625,
          -0.00000762939453125,
          1
        ],
        "children": [
          "Bip01-R-Finger0Nub"
        ],
        "jointName": "Bip01-R-Finger02"
      },
      "Bip01-R-Finger0Nub": {
        "name": "Bip01-R-Finger0Nub",
        "matrix": [
          -0.9999998211860659,
          -0.0006903335452079258,
          -0.0000003390014171600342,
          0,
          0.0006903334217986627,
          -0.9999996424185096,
          0,
          0,
          -0.0000003390013566356755,
          -0.00000000023402405020336337,
          1.0000001192093164,
          0,
          0.888221025466919,
          0.00000762939453125,
          -0.000003814697265625,
          1
        ]
      },
      "Bip01-R-Finger1": {
        "name": "Bip01-R-Finger1",
        "matrix": [
          0.5678205490112306,
          0.8229863643646238,
          0.016521826386451728,
          0,
          -0.809748554327977,
          0.5620693760546591,
          -0.1684779621360163,
          0,
          -0.1479415713918083,
          0.08228677576931921,
          0.9855671814197497,
          0,
          3.7706432342529297,
          -0.17337417602539062,
          1.3427467346191406,
          1
        ],
        "children": [
          "Bip01-R-Finger11"
        ],
        "jointName": "Bip01-R-Finger1"
      },
      "Bip01-R-Finger11": {
        "name": "Bip01-R-Finger11",
        "matrix": [
          0.6686075329780579,
          0.7436153888702393,
          -0.00000014901161193847656,
          0,
          -0.7436155370435004,
          0.6686076662052134,
          0.00000002980232238769512,
          0,
          0.00000012179175476872583,
          0.00000009088127999392135,
          0.9999999403953481,
          0,
          1.727102279663086,
          0.00000762939453125,
          -0.0000057220458984375,
          1
        ],
        "children": [
          "Bip01-R-Finger12"
        ],
        "jointName": "Bip01-R-Finger11"
      },
      "Bip01-R-Finger12": {
        "name": "Bip01-R-Finger12",
        "matrix": [
          0.7910557389259338,
          0.6117442250251769,
          0.000000014901161193847656,
          0,
          -0.6117442315633765,
          0.7910557473805804,
          -0.00000005960464477539061,
          0,
          -0.000000048250428653618356,
          0.000000038034882898667525,
          0.9999998211860657,
          0,
          1.0268211364746094,
          -0.0000057220458984375,
          0.000003814697265625,
          1
        ],
        "children": [
          "Bip01-R-Finger1Nub"
        ],
        "jointName": "Bip01-R-Finger12"
      },
      "Bip01-R-Finger1Nub": {
        "name": "Bip01-R-Finger1Nub",
        "matrix": [
          -0.9999998807907108,
          -0.0006903111934661343,
          -0.0000008195638656616213,
          0,
          0.0006903111115978416,
          -0.9999997616637764,
          -0.00000044703483581542413,
          0,
          -0.000000819254979700585,
          -0.00000044760048331054675,
          0.9999999999999875,
          0,
          1.0072402954101562,
          0.0000095367431640625,
          0.00000095367431640625,
          1
        ]
      },
      "Bip01-R-Finger2": {
        "name": "Bip01-R-Finger2",
        "matrix": [
          0.5891979336738585,
          0.8079881072044373,
          0.0007957816123962383,
          0,
          -0.8059341115773659,
          0.5876293672033271,
          0.071845181407727,
          0,
          0.0575824516022625,
          -0.04297239796951315,
          0.9974156038924501,
          0,
          3.91046142578125,
          -0.019866943359375,
          0.2563161849975586,
          1
        ],
        "children": [
          "Bip01-R-Finger21"
        ],
        "jointName": "Bip01-R-Finger2"
      },
      "Bip01-R-Finger21": {
        "name": "Bip01-R-Finger21",
        "matrix": [
          0.6123409271240232,
          0.7905936837196352,
          -0.000000029802322387695312,
          0,
          -0.7905937209748328,
          0.612340955979407,
          0.00000005960464477539062,
          0,
          0.00000006537224541957445,
          -0.00000001293683590911405,
          0.9999999403953552,
          0,
          2.2772655487060547,
          0.000011444091796875,
          0.00000286102294921875,
          1
        ],
        "children": [
          "Bip01-R-Finger22"
        ],
        "jointName": "Bip01-R-Finger21"
      },
      "Bip01-R-Finger22": {
        "name": "Bip01-R-Finger22",
        "matrix": [
          0.7635884284973145,
          0.645703136920929,
          0.000000014901161193847653,
          0,
          -0.6457031572350144,
          0.7635884525201181,
          0.00000005960464477539088,
          0,
          0.000000027108555268021492,
          -0.00000005513515154898255,
          1.0000000000000042,
          0,
          1.1479606628417969,
          0.00000286102294921875,
          0.00000095367431640625,
          1
        ],
        "children": [
          "Bip01-R-Finger2Nub"
        ],
        "jointName": "Bip01-R-Finger22"
      },
      "Bip01-R-Finger2Nub": {
        "name": "Bip01-R-Finger2Nub",
        "matrix": [
          -0.9999998807907108,
          -0.0006903409957889575,
          -0.0000008195638656616213,
          0,
          0.0006903408314817741,
          -0.9999996423928192,
          -0.0000003278255462646461,
          0,
          -0.0000008193371636944601,
          -0.00000032839124651871007,
          0.9999998807907033,
          0,
          1.3300132751464844,
          -0.000003814697265625,
          0.000003814697265625,
          1
        ]
      },
      "Bip01-R-Finger3": {
        "name": "Bip01-R-Finger3",
        "matrix": [
          0.3923052251338958,
          0.9182345271110536,
          0.05423839390277862,
          0,
          -0.9064182771202243,
          0.3758760322714724,
          0.19267302687253,
          0,
          0.15653214841035726,
          -0.124749334625061,
          0.9797629085274493,
          0,
          3.8492603302001953,
          0.15970230102539062,
          -0.8913202285766602,
          1
        ],
        "children": [
          "Bip01-R-Finger31"
        ],
        "jointName": "Bip01-R-Finger3"
      },
      "Bip01-R-Finger31": {
        "name": "Bip01-R-Finger31",
        "matrix": [
          0.5015465021133424,
          0.8651307821273801,
          -0.000000014901161193847655,
          0,
          -0.8651306411797536,
          0.5015464204010853,
          0.000000022351741790771554,
          0,
          0.000000026810799091768393,
          0.0000000016810129243075531,
          0.9999998211860686,
          0,
          1.8866157531738281,
          -0.0000152587890625,
          0.00000476837158203125,
          1
        ],
        "children": [
          "Bip01-R-Finger32"
        ],
        "jointName": "Bip01-R-Finger31"
      },
      "Bip01-R-Finger32": {
        "name": "Bip01-R-Finger32",
        "matrix": [
          0.5149598717689514,
          0.857214093208313,
          0.00000009965151548385621,
          0,
          -0.8572143123619388,
          0.5149600034225621,
          -0.0000000745058059692388,
          0,
          -0.000000115183966359484,
          -0.000000047055202869079764,
          0.9999998807907171,
          0,
          1.178802490234375,
          0.000003814697265625,
          -0.00000286102294921875,
          1
        ],
        "children": [
          "Bip01-R-Finger3Nub"
        ],
        "jointName": "Bip01-R-Finger32"
      },
      "Bip01-Spine2": {
        "name": "Bip01-Spine2",
        "matrix": [
          0.9849908947944641,
          0.17256030440330508,
          0.003961708862334491,
          0,
          -0.17260386243261455,
          0.9848300732887113,
          0.017834644772624513,
          0,
          -0.0008240580989631087,
          -0.018250764548439456,
          0.9998329882317394,
          0,
          7.320865631103516,
          -0.0052700042724609375,
          -0.00009447336196899414,
          1
        ],
        "children": [
          "Bip01-Neck"
        ],
        "jointName": "Bip01-Spine2"
      },
      "Bip01-Neck": {
        "name": "Bip01-Neck",
        "matrix": [
          0.9316657185554503,
          0.36331713199615473,
          0.0000009480863809585572,
          0,
          -0.3633171723471923,
          0.9316658220292441,
          -0.00000013038516044615963,
          0,
          -0.000000930670522299554,
          -0.00000022298060275196302,
          1.0000001192092327,
          0,
          7.135280609130859,
          -1.8605155944824219,
          -0.0000022649765014648438,
          1
        ],
        "children": [
          "Bip01-Head",
          "Bip01-L-Clavicle",
          "Bip01-R-Clavicle"
        ],
        "jointName": "Bip01-Neck"
      },
      "Bip01-Head": {
        "name": "Bip01-Head",
        "matrix": [
          0.963661551475525,
          -0.22777324914932254,
          0.1395554542541504,
          0,
          0.11442221912922645,
          0.8240475629978132,
          0.5548453701224455,
          0,
          -0.2413792641136886,
          -0.5187149041536279,
          0.8201652716497998,
          0,
          2.446453094482422,
          0.0000019073486328125,
          0.0000010728836059570312,
          1
        ],
        "children": [
          "Bip01-HeadNub",
          "Bone11"
        ],
        "jointName": "Bip01-Head"
      },
      "Bip01-HeadNub": {
        "name": "Bip01-HeadNub",
        "matrix": [
          0.9999999403953552,
          0,
          0,
          0,
          0,
          0.9999999403953552,
          -0.0000004414469003677368,
          0,
          0,
          0.0000004414468740554496,
          0.9999998807907104,
          0,
          9.019596099853516,
          0,
          0.0000007152557373046875,
          1
        ]
      },
      "Bone11": {
        "name": "Bone11",
        "matrix": [
          0.23057726025581368,
          0.9730539917945861,
          0.00046692602336406697,
          0,
          0.973054058316792,
          -0.23057699264455367,
          -0.000590540468693117,
          0,
          -0.0004669653312439552,
          0.0005905094262605172,
          -0.9999998807913527,
          0,
          3.9594573974609375,
          1.777414321899414,
          -0.0000002384185791015625,
          1
        ],
        "jointName": "Bone11"
      },
      "Bip01-L-Clavicle": {
        "name": "Bip01-L-Clavicle",
        "matrix": [
          -0.1735081374645236,
          -0.13626098632812528,
          0.9753603935241698,
          0,
          -0.35733809388726984,
          -0.9141779444346514,
          -0.19128094265698087,
          0,
          0.9177169305447399,
          -0.3817221578312797,
          0.10992605227867515,
          0,
          -2.3361892700195312,
          1.061370849609375,
          1.1274306774139404,
          1
        ],
        "children": [
          "Bip01-L-UpperArm",
          "Bip01-LUpArmTwist"
        ],
        "jointName": "Bip01-L-Clavicle"
      },
      "Bip01-L-UpperArm": {
        "name": "Bip01-L-UpperArm",
        "matrix": [
          0.6085903644561763,
          0.011454299092292756,
          -0.7934018969535829,
          0,
          -0.1322272733596804,
          0.9873787043641943,
          -0.08717210502448879,
          0,
          0.7823896997780476,
          0.1579614844074557,
          0.6024237810085658,
          0,
          6.956831932067871,
          0.0000152587890625,
          0.000011444091796875,
          1
        ],
        "children": [
          "Bip01-L-Forearm"
        ]
      },
      "Bip01-L-Forearm": {
        "name": "Bip01-L-Forearm",
        "matrix": [
          0.8862305879592894,
          -0.46324434876441967,
          -0.0000000000000000000000016543612099660356,
          0,
          0.4632443977047594,
          0.8862306815868236,
          0.000000044703483581542956,
          0,
          -0.000000020708634330462803,
          -0.00000003961759107794989,
          0.9999999999999997,
          0,
          10.592082977294922,
          0.000027179718017578125,
          0.00000762939453125,
          1
        ],
        "children": [
          "Bip01-L-Hand"
        ],
        "jointName": "Bip01-L-Forearm"
      },
      "Bip01-L-Hand": {
        "name": "Bip01-L-Hand",
        "matrix": [
          0.9833734631538391,
          -0.179179459810257,
          -0.02951848506927492,
          0,
          0.003646137755936396,
          0.18200075661547463,
          -0.9832917263575773,
          0,
          0.1815580355479633,
          0.9668351943861353,
          0.17962799622379846,
          0,
          9.287906646728516,
          0.000026702880859375,
          0.00000762939453125,
          1
        ],
        "children": [
          "Bip01-L-Finger0",
          "Bip01-L-Finger1",
          "Bip01-L-Finger2",
          "Bip01-L-Finger3",
          "Bip01-L-Finger4"
        ],
        "jointName": "Bip01-L-Hand"
      },
      "Bip01-L-Finger0": {
        "name": "Bip01-L-Finger0",
        "matrix": [
          0.7912254333496094,
          0.505705714225769,
          -0.34383690357208263,
          0,
          0.29342672328588804,
          0.17935046809274835,
          0.9390069521264055,
          0,
          0.5365286569080414,
          -0.8438573795299257,
          -0.006480920838244949,
          0,
          1.6857490539550781,
          1.1524734497070312,
          -2.3031320571899414,
          1
        ],
        "children": [
          "Bip01-L-Finger01"
        ],
        "jointName": "Bip01-L-Finger0"
      },
      "Bip01-L-Calf": {
        "name": "Bip01-L-Calf",
        "matrix": [
          0.8145824074745178,
          -0.5800479650497437,
          0,
          0,
          0.580047924941114,
          0.8145823511485135,
          0.000000014901161193847928,
          0,
          -0.000000008643387612148836,
          -0.00000001213822289547352,
          1.0000000000000182,
          0,
          18.578845977783203,
          -0.000008106231689453125,
          0.00002384185791015625,
          1
        ],
        "children": [
          "Bip01-L-Foot"
        ],
        "jointName": "Bip01-L-Calf"
      },
      "Bip01-L-Foot": {
        "name": "Bip01-L-Foot",
        "matrix": [
          0.8308786153793335,
          0.477049946784973,
          0.28646802902221696,
          0,
          -0.49782717395346837,
          0.8672763944163386,
          -0.00034979404806622267,
          0,
          -0.24861384139121873,
          -0.1423209402683252,
          0.9580898860423237,
          0,
          14.03437614440918,
          -0.0000035762786865234375,
          0.0000095367431640625,
          1
        ],
        "children": [
          "Bip01-L-Toe0"
        ],
        "jointName": "Bip01-L-Foot"
      },
      "Bip01-L-Toe0": {
        "name": "Bip01-L-Toe0",
        "matrix": [
          0.00699949404224743,
          0.9996474385261536,
          -0.02561178244650364,
          0,
          -0.9979807733025411,
          0.0053662934011838685,
          -0.06328958273486752,
          0,
          -0.06312983603857598,
          0.026003064438084752,
          0.9976665974534726,
          0,
          4.820715427398682,
          6.667253494262695,
          0.0000095367431640625,
          1
        ],
        "children": [
          "Bip01-L-Toe0Nub"
        ],
        "jointName": "Bip01-L-Toe0"
      },
      "Bip01-L-Toe0Nub": {
        "name": "Bip01-L-Toe0Nub",
        "matrix": [
          -1.0000001192092893,
          -0.00000009004725163192556,
          -0.00000030048977350816125,
          0,
          0.00000009004685516013625,
          -0.9999998807907098,
          0.00000124797224998474,
          0,
          -0.0000003004898321528709,
          0.0000012479722973115234,
          0.9999999403953544,
          0,
          2.8172850608825684,
          -0.0000016093254089355469,
          0,
          1
        ]
      },
      "Bip01-R-Thigh": {
        "name": "Bip01-R-Thigh",
        "matrix": [
          -0.8176321983337406,
          0.505031526088715,
          -0.2764441370964051,
          0,
          0.5283328669925847,
          0.8489566953784986,
          -0.011691577455129363,
          0,
          0.22878450732185623,
          -0.15561394827524563,
          -0.9609591732877569,
          0,
          -3.1835670471191406,
          1.5971567630767822,
          -3.763486623764038,
          1
        ],
        "children": [
          "Bip01-R-Calf"
        ],
        "jointName": "Bip01-R-Thigh"
      },
      "Bip01-R-Calf": {
        "name": "Bip01-R-Calf",
        "matrix": [
          0.829671859741211,
          -0.5582511425018309,
          0.00000001490116119384765,
          0,
          0.5582512162909025,
          0.8296719694063993,
          0.000000022351741790771488,
          0,
          -0.000000024840964496046948,
          -0.000000010226021198576029,
          1.0000000000000002,
          0,
          18.5788516998291,
          0.000003814697265625,
          -0.00001049041748046875,
          1
        ],
        "children": [
          "Bip01-R-Foot"
        ],
        "jointName": "Bip01-R-Calf"
      },
      "Bip01-R-Foot": {
        "name": "Bip01-R-Foot",
        "matrix": [
          0.9857612848281859,
          -0.0006878934800624828,
          -0.1681501418352127,
          0,
          -0.031392454062399565,
          0.9816578608140031,
          -0.18805064062066146,
          0,
          0.1651952314950113,
          0.1906516453464736,
          0.9676585095103444,
          0,
          14.034378051757812,
          0.0000057220458984375,
          -0.00000762939453125,
          1
        ],
        "children": [
          "Bip01-R-Toe0"
        ],
        "jointName": "Bip01-R-Foot"
      },
      "Bip01-R-Toe0": {
        "name": "Bip01-R-Toe0",
        "matrix": [
          0.00000001490116152691403,
          0.9999998211860657,
          -0.0000000020954757928848275,
          0,
          -1,
          0.000000014901164191449826,
          0.0000000074505805969238265,
          0,
          0.000000007450579739970436,
          0.0000000020954758067626277,
          0.9999998807907106,
          0,
          4.820712566375732,
          6.667254447937012,
          -0.0000057220458984375,
          1
        ],
        "children": [
          "Bip01-R-Toe0Nub"
        ],
        "jointName": "Bip01-R-Toe0"
      },
      "Bip01-R-Toe0Nub": {
        "name": "Bip01-R-Toe0Nub",
        "matrix": [
          0.9999999403953551,
          -0.000000011175870895385744,
          0.00000002793967723846436,
          0,
          0.000000011175892773719526,
          1.0000001192092893,
          -0.0000007115304470062254,
          0,
          -0.000000027939670951827048,
          0.000000711530362497447,
          0.9999999999999998,
          0,
          2.8172788619995117,
          0.00000008940696716308594,
          0,
          1
        ]
      },
      "Bone04": {
        "name": "Bone04",
        "matrix": [
          -0.7568843960762022,
          0.6323454380035397,
          -0.16512122750282285,
          0,
          0.6334325421285633,
          0.7719900216517462,
          0.052865167027631686,
          0,
          0.16090098544937212,
          -0.06458033817697492,
          -0.9848553689323175,
          0,
          2.7064476013183594,
          5.0731329917907715,
          -0.00001239776611328125,
          1
        ],
        "children": [
          "Bone05"
        ],
        "jointName": "Bone04"
      },
      "Bip01-R-Finger3Nub": {
        "name": "Bip01-R-Finger3Nub",
        "matrix": [
          -0.9999996423721311,
          -0.0006903782486919329,
          -0.0000009452924132347107,
          0,
          0.0006903782895775963,
          -0.9999997019818915,
          0.00000028312206268310007,
          0,
          -0.0000009454877057435074,
          0.0000002824693858035889,
          0.9999999403953361,
          0,
          1.105194091796875,
          -0.000003814697265625,
          0.00000286102294921875,
          1
        ]
      },
      "Bip01-R-Finger4": {
        "name": "Bip01-R-Finger4",
        "matrix": [
          0.4816000163555145,
          0.876060724258423,
          -0.024054646492004405,
          0,
          -0.8027743133538918,
          0.4519908269734665,
          0.38891815760530707,
          0,
          0.35158852316074535,
          -0.1679925964488531,
          0.9209581523866747,
          0,
          3.528179168701172,
          0.3224067687988281,
          -1.7764911651611328,
          1
        ],
        "children": [
          "Bip01-R-Finger41"
        ],
        "jointName": "Bip01-R-Finger4"
      },
      "Bip01-R-Finger41": {
        "name": "Bip01-R-Finger41",
        "matrix": [
          0.6805817484855653,
          0.7326722145080566,
          0.000000029802322387695312,
          0,
          -0.7326721527903183,
          0.6805816911557464,
          -0.00000002980232238769553,
          0,
          -0.00000004211824323667417,
          -0.0000000015524148279452805,
          0.9999998807907177,
          0,
          1.4410362243652344,
          0,
          0.0000019073486328125,
          1
        ],
        "children": [
          "Bip01-R-Finger42"
        ],
        "jointName": "Bip01-R-Finger41"
      },
      "Bip01-R-Finger42": {
        "name": "Bip01-R-Finger42",
        "matrix": [
          0.4852262735366823,
          0.8743885755538939,
          0.000000003725290298461917,
          0,
          -0.8743886666960066,
          0.4852263241143652,
          -0.00000007450580596923825,
          0,
          -0.00000006695462901764631,
          0.00000003289482029156888,
          0.9999999403953547,
          0,
          0.9404678344726562,
          -0.0000019073486328125,
          -0.0000057220458984375,
          1
        ],
        "children": [
          "Bip01-R-Finger4Nub"
        ],
        "jointName": "Bip01-R-Finger42"
      },
      "Bip01-R-Finger4Nub": {
        "name": "Bip01-R-Finger4Nub",
        "matrix": [
          -0.9999998807907106,
          -0.0006903409957889573,
          -0.000001043081283569336,
          0,
          0.0006903408723619551,
          -0.9999997019768615,
          -0.000000014901161193846434,
          0,
          -0.0000010430707482741966,
          -0.000000015621241995992458,
          1.0000001192092072,
          0,
          0.9055976867675781,
          -0.000011444091796875,
          0,
          1
        ]
      },
      "Bone14": {
        "name": "Bone14",
        "matrix": [
          0.32439798116684,
          -0.0030608475208282722,
          0.945915639400482,
          0,
          -0.2219198146172748,
          0.9718386242351521,
          0.07925124246165459,
          0,
          -0.9195203006587438,
          -0.23562646148075206,
          0.31458335195066195,
          0,
          0.7691459655761719,
          1.5118255615234375,
          -6.213231086730957,
          1
        ],
        "children": [
          "dg01"
        ],
        "jointName": "Bone14"
      },
      "dg01": {
        "name": "dg01",
        "matrix": [
          0.9999998807907104,
          0.00000002980232238769532,
          -0.000000018626451492309567,
          0,
          -0.000000029802338596953444,
          0.9999999403953566,
          -0.0000007748603820800965,
          0,
          0.000000018626430620113263,
          0.0000007748604288205057,
          1.0000000000000235,
          0,
          45.62895202636719,
          0,
          -0.0000247955322265625,
          1
        ]
      },
      "Bip01-RUpArmTwist": {
        "name": "Bip01-RUpArmTwist",
        "matrix": [
          0.8762072324752809,
          0.05998614430427552,
          0.4781867563724518,
          0,
          0.02967941196379326,
          0.9836237443936218,
          -0.17777387214878126,
          0,
          -0.4810197858663705,
          0.16995904326977193,
          0.8600778297676025,
          0,
          6.956833839416504,
          0.00000667572021484375,
          0,
          1
        ],
        "children": [
          "Bip01-RUpArmTwist1"
        ],
        "jointName": "Bip01-RUpArmTwist"
      },
      "Bip01-RUpArmTwist1": {
        "name": "Bip01-RUpArmTwist1",
        "matrix": [
          0.9999998807907104,
          0.0000007003545761108398,
          0.00000008940696716308591,
          0,
          -0.0000006881006596550368,
          0.9383851871211779,
          0.34559071459991764,
          0,
          0.00000015813789577407067,
          -0.34559074104820153,
          0.9383852589367264,
          0,
          5.2960357666015625,
          0.000011444091796875,
          0,
          1
        ],
        "jointName": "Bip01-RUpArmTwist1"
      },
      "Bip01-L-Thigh": {
        "name": "Bip01-L-Thigh",
        "matrix": [
          -0.9462866783142091,
          -0.2109120339155197,
          0.245066374540329,
          0,
          0.10855546834248977,
          0.5067052814812375,
          0.8552574193695022,
          0,
          -0.30456051332795664,
          0.8359220117988204,
          -0.4565928108636801,
          0,
          -3.13165283203125,
          -1.4532601833343506,
          3.756290912628174,
          1
        ],
        "children": [
          "Bip01-L-Calf"
        ],
        "jointName": "Bip01-L-Thigh"
      },
      "Bone02": {
        "name": "Bone02",
        "matrix": [
          0.9866734147071837,
          0.15813744068145758,
          -0.03831113874912261,
          0,
          -0.15663229482567934,
          0.9868643752868825,
          0.03955208505861395,
          0,
          0.04406257722044217,
          -0.03302423951745857,
          0.9984825838680232,
          0,
          2.8457088470458984,
          0.000026702880859375,
          0.00002849102020263672,
          1
        ],
        "children": [
          "Bone03"
        ],
        "jointName": "Bone02"
      },
      "Bone03": {
        "name": "Bone03",
        "matrix": [
          0.9923545122146605,
          0.11686739325523376,
          -0.03967386111617088,
          0,
          -0.11681652929029412,
          0.9931466569322485,
          0.003605673088472715,
          0,
          0.03982336158257238,
          0.0010564571565690715,
          0.9992059466034094,
          0,
          9.341005325317383,
          0.0000152587890625,
          0.00009799003601074219,
          1
        ],
        "children": [
          "Bone07"
        ],
        "jointName": "Bone03"
      },
      "Bone07": {
        "name": "Bone07",
        "matrix": [
          0.9894864559173585,
          0.13407690823078158,
          -0.05422184616327286,
          0,
          -0.13387608580266178,
          0.9909710923653586,
          0.007335909151190274,
          0,
          0.0547158530136188,
          0.00000022578236890395223,
          0.9985020722111612,
          0,
          9.641321182250977,
          0.00001621246337890625,
          0.00010085105895996094,
          1
        ],
        "jointName": "Bone07"
      },
      "Bone17": {
        "name": "Bone17",
        "matrix": [
          -0.7955719828605653,
          -0.1954735964536665,
          0.5734593868255614,
          0,
          0.5340457993167238,
          0.22073136638309476,
          0.8161328252529972,
          0,
          -0.28611283985760616,
          0.9555458106798079,
          -0.07121582465261755,
          0,
          -1.0284881591796875,
          -3.4485907554626465,
          5.991357803344727,
          1
        ],
        "children": [
          "Bone18"
        ],
        "jointName": "Bone17"
      },
      "Bone18": {
        "name": "Bone18",
        "matrix": [
          0.9995585680007933,
          0.02906957268714905,
          -0.006103485822677613,
          0,
          -0.029134696246181743,
          0.9995165422228519,
          -0.010865345598090536,
          0,
          0.005784684545001341,
          0.011038373358000094,
          0.9999223352236329,
          0,
          6.447792053222656,
          -0.000003814697265625,
          0.0000057220458984375,
          1
        ],
        "jointName": "Bone18"
      },
      "K_ChangLeBangGaoShou001": {
        "name": "K_ChangLeBangGaoShou001",
        "matrix": [
          2.54,
          0,
          0,
          0,
          0,
          0.0000000000000005639932965095795,
          -2.5400000000000005,
          0,
          0,
          2.5400000000000005,
          0.0000000000000005639932965095795,
          0,
          0,
          0,
          0,
          1
        ],
        "skin": "skin_K_ChangLeBangGaoShou001",
        "meshes": [
          "mesh_M_ChangLeBangGaoShou001_a_MI_8",
          "mesh_M_ChangLeBangGaoShou001_b_MI_9",
          "mesh_M_ChangLeBangGaoShou001_c_MI_10",
          "mesh_M_ChangLeBangGaoShou001_wq_MI_11"
        ]
      },
      "Bip01-L-Finger2Nub": {
        "name": "Bip01-L-Finger2Nub",
        "matrix": [
          1,
          -0.000000298023223876953,
          -0.000002562999725341797,
          0,
          0.000000298025188083531,
          1.0000001192092989,
          0.000000752508640289315,
          0,
          0.000002562999348309899,
          -0.0000007525092695685738,
          0.9999999403953665,
          0,
          1.3300037384033203,
          -0.000003814697265625,
          -0.0000019073486328125,
          1
        ]
      },
      "Bip01-L-Finger3": {
        "name": "Bip01-L-Finger3",
        "matrix": [
          0.027004748582840264,
          0.9921610355377196,
          -0.12201353907585145,
          0,
          -0.9873035557291859,
          0.007359203450137179,
          -0.15867394330357396,
          0,
          -0.1565321922456386,
          0.12474935953132787,
          0.9797629192956925,
          0,
          3.8492565155029297,
          0.15970611572265625,
          0.891329288482666,
          1
        ],
        "children": [
          "Bip01-L-Finger31"
        ],
        "jointName": "Bip01-L-Finger3"
      },
      "Bip01-L-Finger31": {
        "name": "Bip01-L-Finger31",
        "matrix": [
          0.5153223276138307,
          0.8569964170455933,
          0.00000008940696716308595,
          0,
          -0.8569963643992657,
          0.5153222959569655,
          -0.00000008940696716308579,
          0,
          -0.0000001226948665353891,
          -0.00000003054804248079841,
          0.9999999999999984,
          0,
          1.8866195678710938,
          0.0000019073486328125,
          -0.00000095367431640625,
          1
        ],
        "children": [
          "Bip01-L-Finger32"
        ],
        "jointName": "Bip01-L-Finger31"
      },
      "Bip01-L-Finger32": {
        "name": "Bip01-L-Finger32",
        "matrix": [
          0.6758251786231994,
          0.7370619773864746,
          0.000000044703483581542956,
          0,
          -0.7370620772192827,
          0.6758252701616707,
          -0.00000002980232238769543,
          0,
