{
    "asset": {
      "generator": "tmx:FBX2GLTF",
      "premultipliedAlpha": true,
      "profile": {
        "api": "WebGL",
        "version": "1.0.2"
      },
      "version": "1.0"
    },
    "scene": "test",
    "scenes": {
      "test": {
        "nodes": [
          "RootNode"
        ]
      }
    },
    "nodes": {
      "RootNode": {
        "name": "RootNode",
        "children": [
          "Sky001",
          "Bip01",
          "K_ChangLeBangGaoShou001"
        ]
      },
      "Bip01-Spine1": {
        "name": "Bip01-Spine1",
        "matrix": [
          0.9953315854072571,
          -0.0716032087802887,
          -0.06471404433250424,
          0,
          0.06613512724548296,
          0.9943512079797299,
          -0.08301684972653191,
          0,
          0.07029277873271833,
          0.07834944088642351,
          0.9944449027857297,
          0,
          7.108867645263672,
          -0.005796909332275391,
          0.00048601627349853516,
          1
        ],
        "children": [
          "Bip01-Spine2"
        ],
        "jointName": "Bip01-Spine1"
      },
      "Bip01-Spine": {
        "name": "Bip01-Spine",
        "matrix": [
          0.9980933666229248,
          -0.057107981294393546,
          -0.023415323346853256,
          0,
          0.05444062264685856,
          0.993294416974965,
          -0.10199366502028229,
          0,
          0.029082962682532482,
          0.10052445715080434,
          0.994509576982203,
          0,
          3.1579360961914062,
          -0.005621433258056641,
          -0.021622419357299805,
          1
        ],
        "children": [
          "Bip01-Spine1",
          "Bip01-L-Thigh",
          "Bip01-R-Thigh"
        ],
        "jointName": "Bip01-Spine"
      },
      "Bip01-Pelvis": {
        "name": "Bip01-Pelvis",
        "matrix": [
          -0.000000014901161219815926,
          0.007029060274365949,
          0.9999755620956422,
          0,
          0.9999998807826,
          0.000004239823862557032,
          -0.000000014901182232584333,
          0,
          -0.000004239824738499881,
          0.9999753832038528,
          -0.007029059016957285,
          0,
          0,
          -0.0000002384185791015625,
          -0.000003814697265625,
          1
        ],
        "children": [
          "Bip01-Spine",
          "Bone04",
          "Bone15",
          "Bone09",
          "Bone12",
          "Bone01",
          "Bone17"
        ],
        "jointName": "Bip01-Pelvis"
      },
      "Sky001": {
        "name": "Sky001",
        "matrix": [
          2.54,
          0,
          0,
          0,
          0,
          2.5400000000000005,
          -0.00000000000000000000000000000012523166870383563,
          0,
          0,
          0.00000000000000000000000000000012523166870383563,
          2.5400000000000005,
          0,
          0,
          0,
          0,
          1
        ]
      },
      "Bip01": {
        "name": "Bip01",
        "matrix": [
          0.05409911673515959,
          -0.2425265111029155,
          2.5278165745735177,
          0,
          2.535495978382988,
          -0.13542186650117086,
          -0.06725625879493523,
          0,
          0.14119408156471008,
          2.5247659538757503,
          0.23921205720634497,
          0,
          0.004438319206237793,
          94.22559547424316,
          0,
          1
        ],
        "children": [
          "Bip01-Pelvis"
        ]
      },
      "Bip01-R-Finger11": {
        "name": "Bip01-R-Finger11",
        "matrix": [
          0.6860065460205077,
          0.727595031261444,
          0.00000005960464477539062,
          0,
          -0.7275951259246145,
          0.6860066352728414,
          0,
          0,
          -0.0000000408891940590707,
          -0.00000004336806201376308,
          0.9999999403953654,
          0,
          1.7271099090576172,
          -0.0000057220458984375,
          0,
          1
        ],
        "children": [
          "Bip01-R-Finger12"
        ],
        "jointName": "Bip01-R-Finger11"
      },
      "Bip01-R-Finger12": {
        "name": "Bip01-R-Finger12",
        "matrix": [
          0.889525294303894,
          0.4568856954574584,
          -0.00000011175870895385745,
          0,
          -0.4568857750108343,
          0.8895254491889287,
          0.0000001490116119384746,
          0,
          0.00000016749345615901873,
          -0.0000000814886172744945,
          0.999999761581408,
          0,
          1.0268211364746094,
          -0.00000095367431640625,
          0.000003814697265625,
          1
        ],
        "children": [
          "Bip01-R-Finger1Nub"
        ],
        "jointName": "Bip01-R-Finger12"
      },
      "Bip01-R-Finger1Nub": {
        "name": "Bip01-R-Finger1Nub",
        "matrix": [
          -0.9999998211860657,
          -0.0006903111934661413,
          -0.0000009164214134216309,
          0,
          0.0006903110706308634,
          -0.9999996424133637,
          -0.0000006258487701416673,
          0,
          -0.0000009159891101514583,
          -0.0000006264813115863929,
          1.000000000000105,
          0,
          1.0072479248046875,
          -0.000003814697265625,
          -0.0000019073486328125,
          1
        ]
      },
      "Bip01-R-Finger2": {
        "name": "Bip01-R-Finger2",
        "matrix": [
          0.6348513960838317,
          0.7726317048072815,
          0.0020341575145721483,
          0,
          -0.7617676051181659,
          0.6254803063379207,
          0.16877365149792414,
          0,
          0.12912752742681405,
          -0.10869572573578855,
          0.985652687354721,
          0,
          3.91046142578125,
          -0.019863128662109375,
          0.2563285827636719,
          1
        ],
        "children": [
          "Bip01-R-Finger21"
        ],
        "jointName": "Bip01-R-Finger2"
      },
      "Bip01-R-Finger21": {
        "name": "Bip01-R-Finger21",
        "matrix": [
          0.30556643009185797,
          0.952170968055725,
          -0.00000006705522537231445,
          0,
          -0.9521708946612226,
          0.30556640653841344,
          -0.00000014901161193847508,
          0,
          -0.00000012139468233837293,
          0.0000001093809584352881,
          1.0000001192092798,
          0,
          2.2772655487060547,
          -0.000003814697265625,
          0,
          1
        ],
        "children": [
          "Bip01-R-Finger22"
        ],
        "jointName": "Bip01-R-Finger21"
      },
      "Bip01-R-Finger22": {
        "name": "Bip01-R-Finger22",
        "matrix": [
          0.8254333138465882,
          0.5644999146461485,
          -0.000000000000000000000003308722961812145,
          0,
          -0.5644998590997597,
          0.8254332326245393,
          -0.00000005960464477539059,
          0,
          -0.00000003364680979399561,
          0.00000004919964908415089,
          0.9999999999999996,
          0,
          1.1479606628417969,
          -0.0000019073486328125,
          -0.000003814697265625,
          1
        ],
        "children": [
          "Bip01-R-Finger2Nub"
        ],
        "jointName": "Bip01-R-Finger22"
      },
      "Bip01-R-Finger2Nub": {
        "name": "Bip01-R-Finger2Nub",
        "matrix": [
          -0.9999995827674867,
          -0.0006903856992720718,
          -0.0000010281801223754879,
          0,
          0.0006903858223078626,
          -0.9999997616019115,
          0.0000004172325134277409,
          0,
          -0.0000010284678675077029,
          0.0000004165224736154993,
          0.9999997615814363,
          0,
          1.3300113677978516,
          0,
          0.0000057220458984375,
          1
        ]
      },
      "Bip01-R-Finger3": {
        "name": "Bip01-R-Finger3",
        "matrix": [
          0.6134510040283202,
          0.7897326946258543,
          -0.000755578279495238,
          0,
          -0.7868729918895214,
          0.6113104280838738,
          0.08444486547399867,
          0,
          0.06715073494278137,
          -0.051208221179845775,
          0.9964278923362165,
          0,
          3.849254608154297,
          0.15970230102539062,
          -0.8913192749023438,
          1
        ],
        "children": [
          "Bip01-R-Finger31"
        ],
        "jointName": "Bip01-R-Finger3"
      },
      "Bip01-R-Finger31": {
        "name": "Bip01-R-Finger31",
        "matrix": [
          0.4993685483932496,
          0.8663895130157471,
          -0.0000001043081283569336,
          0,
          -0.8663894735588904,
          0.4993685256511505,
          -0.000000029802322387695263,
          0,
          0.000000026267784837868624,
          0.00000010525383952943034,
          0.9999999999999981,
          0,
          1.8866233825683594,
          -0.000000476837158203125,
          0.0000057220458984375,
          1
        ],
        "children": [
          "Bip01-R-Finger32"
        ],
        "jointName": "Bip01-R-Finger31"
      },
      "Bip01-R-Finger32": {
        "name": "Bip01-R-Finger32",
        "matrix": [
          0.7405588030815125,
          0.6719912290573119,
          -0.00000007450580596923828,
          0,
          -0.671991315297545,
          0.7405588981213763,
          -0.00000011920928955078026,
          0,
          -0.00000002493166292096257,
          0.0000001383487627190624,
          0.9999998211860577,
          0,
          1.1788043975830078,
          -0.0000057220458984375,
          0,
          1
        ],
        "children": [
          "Bip01-R-Finger3Nub"
        ],
        "jointName": "Bip01-R-Finger32"
      },
      "Bip01-L-Finger01": {
        "name": "Bip01-L-Finger01",
        "matrix": [
          0.8433525562286377,
          0.5373606681823732,
          0.000000029802322387695312,
          0,
          -0.5373606681823738,
          0.8433525562286373,
          0.000000029802322387695425,
          0,
          -0.000000009119267609610844,
          -0.000000041148454836257316,
          0.9999998807907144,
          0,
          1.2276687622070312,
          0,
          0.00000762939453125,
          1
        ],
        "children": [
          "Bip01-L-Finger02"
        ],
        "jointName": "Bip01-L-Finger01"
      },
      "Bip01-L-Finger02": {
        "name": "Bip01-L-Finger02",
        "matrix": [
          0.9680770039558411,
          0.25065210461616516,
          0,
          0,
          -0.2506521172068952,
          0.9680770525841825,
          -0.00000017881393432617156,
          0,
          -0.00000004482009828795682,
          0.00000017310569378244622,
          0.9999998211860639,
          0,
          0.9520969390869141,
          -0.0000057220458984375,
          0.0000057220458984375,
          1
        ],
        "children": [
          "Bip01-L-Finger0Nub"
        ],
        "jointName": "Bip01-L-Finger02"
      },
      "Bip01-L-Finger0Nub": {
        "name": "Bip01-L-Finger0Nub",
        "matrix": [
          0.9999998807907104,
          -0.0000018477439880371094,
          0.0000041425228118896484,
          0,
          0.0000018477495435937868,
          0.9999998807907104,
          -0.0000013411045074461785,
          0,
          -0.000004142520827684042,
          0.0000013411123216600833,
          0.9999999999999174,
          0,
          0.8882160186767578,
          -0.000003814697265625,
          0.000011444091796875,
          1
        ]
      },
      "Bip01-L-Finger1": {
        "name": "Bip01-L-Finger1",
        "matrix": [
          0.932616949081421,
          0.3577513098716735,
          -0.047327429056167596,
          0,
          -0.3472902559270816,
          0.925411053552742,
          0.1516718273726433,
          0,
          0.0980580874288513,
          -0.12501531928640525,
          0.9872972403902073,
          0,
          3.7706432342529297,
          -0.17338943481445312,
          -1.3427467346191406,
          1
        ],
        "children": [
          "Bip01-L-Finger11"
        ],
        "jointName": "Bip01-L-Finger1"
      },
      "Bip01-L-Finger11": {
        "name": "Bip01-L-Finger11",
        "matrix": [
          0.9812782406806945,
          0.19259580969810483,
          0.00000002980232238769532,
          0,
          -0.19259581709367493,
          0.9812782783612235,
          0,
          0,
          -0.00000002924437011999771,
          -0.00000000573980234032803,
          1.000000119209289,
          0,
          1.7271099090576172,
          -0.0000019073486328125,
          0.00000762939453125,
          1
        ],
        "children": [
          "Bip01-L-Finger12"
        ],
        "jointName": "Bip01-L-Finger11"
      },
      "Bip01-L-Finger12": {
        "name": "Bip01-L-Finger12",
        "matrix": [
          0.9317026138305664,
          0.3632218837738037,
          0.000000029802322387695312,
          0,
          -0.3632219403552647,
          0.9317027589680079,
          0.00000000745058059692383,
          0,
          -0.000000025060690738228434,
          -0.000000017766581835435734,
          0.9999999999999999,
          0,
          1.0268192291259766,
          0,
          0.00000762939453125,
          1
        ],
        "children": [
          "Bip01-L-Finger1Nub"
        ],
        "jointName": "Bip01-L-Finger12"
      },
      "Bip01-L-Finger1Nub": {
        "name": "Bip01-L-Finger1Nub",
        "matrix": [
          0.9999999999999999,
          -0.0000016577541828155518,
          0.000000864267349243164,
          0,
          0.0000016577581687380743,
          0.9999999999998911,
          -0.000004611909389495892,
          0,
          -0.0000008642597038287155,
          0.00000461191082223002,
          1.000000000000009,
          0,
          1.007246971130371,
          -0.0000019073486328125,
          0,
          1
        ]
      },
      "Bip01-L-Finger2": {
        "name": "Bip01-L-Finger2",
        "matrix": [
          0.9241501092910765,
          0.38199186325073253,
          -0.005372256040573122,
          0,
          -0.381991553629482,
          0.923768070948368,
          -0.02711140361739586,
          0,
          -0.005393616467001737,
          0.027107160449610902,
          0.9996179332429433,
          0,
          3.910460948944092,
          -0.019876480102539062,
          -0.25630950927734375,
          1
        ],
        "children": [
          "Bip01-L-Finger21"
        ],
        "jointName": "Bip01-L-Finger2"
      },
      "Bip01-L-Finger21": {
        "name": "Bip01-L-Finger21",
        "matrix": [
          0.8613210916519165,
          0.5080610513687134,
          0.00000004470348358154297,
          0,
          -0.5080611189206453,
          0.861321206173399,
          -0.000000022351741790771474,
          0,
          -0.00000004986009846889225,
          -0.0000000034600745987293396,
          0.9999999999999992,
          0,
          2.2772626876831055,
          -0.000003814697265625,
          0.000011444091796875,
          1
        ],
        "children": [
          "Bip01-L-Finger22"
        ],
        "jointName": "Bip01-L-Finger21"
      },
      "Bip01-L-Finger22": {
        "name": "Bip01-L-Finger22",
        "matrix": [
          0.9140564203262328,
          0.4055869877338409,
          0.000000014901161193847656,
          0,
          -0.40558699263634695,
          0.9140564313748308,
          -0.000000029802322387695312,
          0,
          -0.000000025707940578336373,
          0.000000021197290418081676,
          1.0000001192092893,
          0,
          1.147965431213379,
          -0.0000019073486328125,
          -0.000003814697265625,
          1
        ],
        "children": [
          "Bip01-L-Finger2Nub"
        ],
        "jointName": "Bip01-L-Finger22"
      },
      "Bone02": {
        "name": "Bone02",
        "matrix": [
          0.9866734743118285,
          0.15813747048377988,
          -0.03831108659505845,
          0,
          -0.15663237482111134,
          0.9868647344095471,
          0.0395520850330044,
          0,
          0.0440625400715175,
          -0.0330242464945454,
          0.9984830004540292,
          0,
          2.8457164764404297,
          0.000030517578125,
          0.000024080276489257812,
          1
        ],
        "children": [
          "Bone03"
        ],
        "jointName": "Bone02"
      },
      "Bone03": {
        "name": "Bone03",
        "matrix": [
          0.992354929447174,
          0.11686743795871733,
          -0.03967393562197686,
          0,
          -0.11681658035935058,
          0.9931471347733832,
          0.003605687058773667,
          0,
          0.039823432352667595,
          0.0010564518822197548,
          0.9992062447547561,
          0,
          9.341009140014648,
          0.00000762939453125,
          0.00008344650268554688,
          1
        ],
        "children": [
          "Bone07"
        ],
        "jointName": "Bone03"
      },
      "Bone07": {
        "name": "Bone07",
        "matrix": [
          0.9894863963127136,
          0.13407650589942935,
          -0.05422329157590867,
          0,
          -0.13387569778138464,
          0.990971092444966,
          0.007335588807852852,
          0,
          0.05471724221631233,
          0.0000007156613828126745,
          0.9985019573068783,
          0,
          9.641324996948242,
          0.000011444091796875,
          0.00008618831634521484,
          1
        ],
        "jointName": "Bone07"
      },
      "Bone17": {
        "name": "Bone17",
        "matrix": [
          -0.9571251273155216,
          0.07681701332330691,
          0.2793046534061433,
          0,
          0.2896753375703174,
          0.25257184443735387,
          0.9231988313419512,
          0,
          0.0003728853807873124,
          0.9645242728248385,
          -0.26399479940442927,
          0,
          -1.0284881591796875,
          -3.4485905170440674,
          5.991361618041992,
          1
        ],
        "children": [
          "Bone18"
        ],
        "jointName": "Bone17"
      },
      "Bone18": {
        "name": "Bone18",
        "matrix": [
          0.9995589256286621,
          0.029069706797599796,
          -0.006103858351707458,
          0,
          -0.02913482088977978,
          0.9995164881063566,
          -0.01086509786630139,
          0,
          0.005785059819620812,
          0.011038136487657264,
          0.9999222160157895,
          0,
          6.44780158996582,
          -0.000003814697265625,
          0.00000286102294921875,
          1
        ],
        "jointName": "Bone18"
      },
      "K_ChangLeBangGaoShou001": {
        "name": "K_ChangLeBangGaoShou001",
        "matrix": [
          2.54,
          0,
          0,
          0,
          0,
          0.0000000000000005639932965095795,
          -2.5400000000000005,
          0,
          0,
          2.5400000000000005,
          0.0000000000000005639932965095795,
          0,
          0,
          0,
          0,
          1
        ],
        "skin": "skin_K_ChangLeBangGaoShou001",
        "meshes": [
          "mesh_M_ChangLeBangGaoShou001_a_MI_80",
          "mesh_M_ChangLeBangGaoShou001_b_MI_81",
          "mesh_M_ChangLeBangGaoShou001_c_MI_82",
          "mesh_M_ChangLeBangGaoShou001_wq_MI_83"
        ]
      },
      "Bip01-L-Finger2Nub": {
        "name": "Bip01-L-Finger2Nub",
        "matrix": [
          1,
          -0.0000019222497940063477,
          -0.0000012964010238647465,
          0,
          0.000001922243904717257,
          0.9999998807906926,
          -0.000004366040229796632,
          0,
          0.0000012964094164806718,
          0.000004366038258253199,
          0.9999999999998326,
          0,
          1.3300085067749023,
          -0.00000286102294921875,
          0,
          1
        ]
      },
      "Bip01-L-Finger3": {
        "name": "Bip01-L-Finger3",
        "matrix": [
          0.9818215370178223,
          0.1898070126771927,
          0.0003134906291961649,
          0,
          -0.18910702321620518,
          0.97833974465777,
          -0.08420067268646642,
          0,
          -0.01628857852429187,
          0.08261075076843158,
          0.99644887306716,
          0,
          3.8492531776428223,
          0.15969085693359375,
          0.8913230895996094,
          1
        ],
        "children": [
          "Bip01-L-Finger31"
        ],
        "jointName": "Bip01-L-Finger3"
      },
      "Bip01-L-Finger31": {
        "name": "Bip01-L-Finger31",
        "matrix": [
          0.7986182570457457,
          0.6018379926681516,
          0.000000029802322387695312,
          0,
          -0.6018380358468238,
          0.7986183143423555,
          -0.000000022351741790771468,
          0,
          -0.00000003725280185881682,
          -0.00000000008566208475461271,
          0.9999999999999992,
          0,
          1.886622428894043,
          0,
          0.000011444091796875,
          1
        ],
        "children": [
          "Bip01-L-Finger32"
        ],
        "jointName": "Bip01-L-Finger31"
      },
      "Bip01-L-Finger32": {
        "name": "Bip01-L-Finger32",
        "matrix": [
          0.9732154607772827,
          0.22989574074745178,
          0,
          0,
          -0.22989570389020683,
          0.9732153047498571,
          0,
          0,
          0,
          0,
          1.0000000000000007,
          0,
          1.1788053512573242,
          -0.000003814697265625,
          -0.00000762939453125,
          1
        ],
        "children": [
          "Bip01-L-Finger3Nub"
        ],
        "jointName": "Bip01-L-Finger32"
      },
      "Bip01-L-Finger3Nub": {
        "name": "Bip01-L-Finger3Nub",
        "matrix": [
          1.0000001192092896,
          -0.0000021569430828094487,
          -0.0000001937150955200196,
          0,
          0.0000021569422197221722,
          1.0000001192092896,
          -0.00000445544719696045,
          0,
          0.00000019372470566398498,
          0.000004455446779107503,
          1.0000001192092896,
          0,
          1.1051912307739258,
          -0.0000019073486328125,
          -0.000003814697265625,
          1
        ]
      },
      "Bip01-L-Finger4": {
        "name": "Bip01-L-Finger4",
        "matrix": [
          0.9743879437446594,
          0.21221962571144104,
          0.07437059283256532,
          0,
          -0.17816309311939707,
          0.9303398756621742,
          -0.3205085415322939,
          0,
          -0.13720812710279542,
          0.2990495557999443,
          0.944321637852532,
          0,
          3.528170108795166,
          0.3223905563354492,
          1.7764930725097656,
          1
        ],
        "children": [
          "Bip01-L-Finger41"
        ],
        "jointName": "Bip01-L-Finger4"
      },
      "Bip01-L-Finger41": {
        "name": "Bip01-L-Finger41",
        "matrix": [
          0.9522199630737304,
          0.30541339516639715,
          0.00000007450580596923827,
          0,
          -0.3054133923865142,
          0.9522199544066,
          -0.000000029802322387695253,
          0,
          -0.00000008004792834447996,
          0.0000000056232942963601626,
          0.9999999999999981,
          0,
          1.4410429000854492,
          0.000000476837158203125,
          -0.000003814697265625,
          1
        ],
        "children": [
          "Bip01-L-Finger42"
        ],
        "jointName": "Bip01-L-Finger41"
      },
      "Bip01-L-Finger42": {
        "name": "Bip01-L-Finger42",
        "matrix": [
          0.9646297693252563,
          0.2636085748672486,
          -0.00000010430812835693355,
          0,
          -0.26360864999007283,
          0.9646300442241766,
          0.000000000000000000000001654361756627024,
          0,
          0.00000010061871848956747,
          0.0000000274965150666632,
          0.9999999999999974,
          0,
          0.9404697418212891,
          -0.000003814697265625,
          0.00000762939453125,
          1
        ],
        "children": [
          "Bip01-L-Finger4Nub"
        ],
        "jointName": "Bip01-L-Finger42"
      },
      "Bip01-L-Finger4Nub": {
        "name": "Bip01-L-Finger4Nub",
        "matrix": [
          0.9999999403953552,
          -0.000002417713403701783,
          0.000000521540641784668,
          0,
          0.000002417716012062132,
          1.0000001192102077,
          -0.000004172325134276828,
          0,
          -0.0000005215305853820007,
          0.000004172325897805319,
          0.999999999999876,
          0,
          0.9055881500244141,
          -0.000002384185791015625,
          -0.000003814697265625,
          1
        ]
      },
      "Bip01-LUpArmTwist": {
        "name": "Bip01-LUpArmTwist",
        "matrix": [
          0.6413621306419375,
          0.021049313247203872,
          -0.7669494748115538,
          0,
          0.5915213416698877,
          0.6230602056580451,
          0.5117604097072747,
          0,
          0.488627856348675,
          -0.7818906549483333,
          0.38715606629847166,
          0,
          6.956833839416504,
          0.000024318695068359375,
          0.0000152587890625,
          1
        ],
        "children": [
          "Bip01-LUpArmTwist1"
        ],
        "jointName": "Bip01-LUpArmTwist"
      },
      "Bip01-R-Finger3Nub": {
        "name": "Bip01-R-Finger3Nub",
        "matrix": [
          -0.9999997615814208,
          -0.0006903707981109034,
          -0.0000011324882507324217,
          0,
          0.0006903707976650413,
          -0.9999997615711338,
          0.00000038743019104005913,
          0,
          -0.0000011327554514716115,
          0.00000038664826194359383,
          1.0000000000000515,
          0,
          1.1051921844482422,
          0.0000019073486328125,
          0.0000019073486328125,
          1
        ]
      },
      "Bip01-R-Finger4": {
        "name": "Bip01-R-Finger4",
        "matrix": [
          0.37451761960983265,
          0.9251919984817506,
          -0.06129091978073122,
          0,
          -0.8965468838548633,
          0.37819768393112574,
          0.2305866229130124,
          0,
          0.23651697328297772,
          -0.03140856878077255,
          0.9711196621696161,
          0,
          3.528172492980957,
          0.32239723205566406,
          -1.7764930725097656,
          1
        ],
        "children": [
          "Bip01-R-Finger41"
        ],
        "jointName": "Bip01-R-Finger4"
      },
      "Bip01-R-Finger41": {
        "name": "Bip01-R-Finger41",
        "matrix": [
          0.9379200935363771,
          0.3468517065048219,
          -0.00000002980232238769532,
          0,
          -0.3468517187245512,
          0.9379201265796929,
          0.00000002980232238769532,
          0,
          0.00000003828917504482056,
          -0.000000017615205971859804,
          1,
          0,
          1.4410438537597656,
          -0.00000286102294921875,
          -0.0000057220458984375,
          1
        ],
        "children": [
          "Bip01-R-Finger42"
        ],
        "jointName": "Bip01-R-Finger41"
      },
      "Bip01-R-Finger42": {
        "name": "Bip01-R-Finger42",
        "matrix": [
          0.9379199743270874,
          0.346851646900177,
          -0.00000005960464477539062,
          0,
          -0.3468516081191161,
          0.9379198694594005,
          0.00000002980232238769538,
          0,
          0.00000006624137641746815,
          -0.000000007278227784221624,
          1.0000000000000022,
          0,
          0.9404735565185547,
          -0.00000095367431640625,
          0.0000095367431640625,
          1
        ],
        "children": [
          "Bip01-R-Finger4Nub"
        ],
        "jointName": "Bip01-R-Finger42"
      },
      "Bip01-R-Finger4Nub": {
        "name": "Bip01-R-Finger4Nub",
        "matrix": [
          -0.9999998807907107,
          -0.0006903707981104494,
          -0.0000010132789611816404,
          0,
          0.0006903707163394379,
          -0.9999997616020526,
          -0.0000005066394805908054,
          0,
          -0.0000010129288299722523,
          -0.0000005073388979412909,
          0.9999999999999702,
          0,
          0.9055862426757812,
          0.0000019073486328125,
          0,
          1
        ]
      },
      "Bone14": {
        "name": "Bone14",
        "matrix": [
          0.32439804077148404,
          -0.0030609369277953846,
          0.9459157586097718,
          0,
          -0.2219193289627034,
          0.9718390787212633,
          0.0792511732323111,
          0,
          -0.919520629231646,
          -0.2356259533982683,
          0.31458346230233775,
          0,
          0.7691383361816406,
          1.5118255615234375,
          -6.213228225708008,
          1
        ],
        "children": [
          "dg01"
        ],
        "jointName": "Bone14"
      },
      "dg01": {
        "name": "dg01",
        "matrix": [
          1,
          0.000000029802322387695312,
          0.000000029802322387695306,
          0,
          -0.000000029802291301450663,
          1.0000000000000013,
          -0.0000010430812835693525,
          0,
          -0.000000029802351697581746,
          0.0000010430812205086997,
          0.9999999403953709,
          0,
          45.62896728515625,
          -0.0000324249267578125,
          -0.0000133514404296875,
          1
        ]
      },
      "Bip01-RUpArmTwist": {
        "name": "Bip01-RUpArmTwist",
        "matrix": [
          0.4364721477031705,
          0.3270978033542633,
          0.8381521701812747,
          0,
          -0.010579595110326318,
          0.9333737576540266,
          -0.3587496613800813,
          0,
          -0.8996554938968973,
          0.1477169290447572,
          0.4108522233270369,
          0,
          6.956837177276611,
          0.00000667572021484375,
          0.000003814697265625,
          1
        ],
        "children": [
          "Bip01-RUpArmTwist1"
        ],
        "jointName": "Bip01-RUpArmTwist"
      },
      "Bip01-RUpArmTwist1": {
        "name": "Bip01-RUpArmTwist1",
        "matrix": [
          0.9999999999999999,
          0.0000007003545761108397,
          -0.00000008940696716308592,
          0,
          -0.0000006822112594583876,
          0.9910939335635751,
          0.13316537453773078,
          0,
          0.00000018187367146660957,
          -0.13316536667102152,
          0.9910938750158953,
          0,
          5.296051025390625,
          0.000003814697265625,
          0.000003814697265625,
          1
        ],
        "jointName": "Bip01-RUpArmTwist1"
      },
      "Bip01-L-Thigh": {
        "name": "Bip01-L-Thigh",
        "matrix": [
          -0.938086450099945,
          0.29052260518074036,
          0.18865449726581576,
          0,
          0.3243415157875201,
          0.9279020887805026,
          0.18384851399072627,
          0,
          -0.12164076601481194,
          0.23365431077977822,
          -0.9646810232214982,
          0,
          -3.2477493286132812,
          -0.5823781490325928,
          3.965498924255371,
          1
        ],
        "children": [
          "Bip01-L-Calf"
        ],
        "jointName": "Bip01-L-Thigh"
      },
      "Bip01-LUpArmTwist1": {
        "name": "Bip01-LUpArmTwist1",
        "matrix": [
          1,
          0.000004082918167114258,
          -0.0000028908252716064453,
          0,
          -0.0000032105811142578797,
          0.9669277685391819,
          0.2550502949589448,
          0,
          0.0000038365697882954255,
          -0.25505036650530377,
          0.9669280398287283,
          0,
          5.296047210693359,
          0.0000152587890625,
          -0.0000209808349609375,
          1
        ],
        "jointName": "Bip01-LUpArmTwist1"
      },
      "Bip01-R-Clavicle": {
        "name": "Bip01-R-Clavicle",
        "matrix": [
          -0.29340559244155834,
          -0.007357813417911497,
          -0.9559594988822939,
          0,
          -0.5083207767991009,
          -0.8456922270243493,
          0.16252425386658204,
          0,
          -0.8096436051753059,
          0.533619774368655,
          0.24439077929580083,
          0,
          -2.2884979248046875,
          1.3712882995605469,
          -0.859595775604248,
          1
        ],
        "children": [
          "Bip01-R-UpperArm",
          "Bip01-RUpArmTwist"
        ],
        "jointName": "Bip01-R-Clavicle"
      },
      "Bip01-R-UpperArm": {
        "name": "Bip01-R-UpperArm",
        "matrix": [
          0.436472237110138,
          0.3270979523658754,
          0.8381520509719851,
          0,
          -0.24767519725794057,
          0.9392618665689693,
          -0.23757895197568119,
          0,
          -0.8649559644287206,
          -0.10389287181239522,
          0.4909758437672309,
          0,
          6.956837177276611,
          0.00000667572021484375,
          0.000003814697265625,
          1
        ],
        "children": [
          "Bip01-R-Forearm"
        ]
      },
      "Bip01-R-Forearm": {
        "name": "Bip01-R-Forearm",
        "matrix": [
          0.9889451861381531,
          -0.1482815444469452,
          0.00000011920928955078125,
          0,
          0.1482815807197365,
          0.9889454280550893,
          0.00000012235250324010738,
          0,
          -0.00000013603408329524664,
          -0.000000103323364489218,
          1.00000011920928,
          0,
          10.59207534790039,
          0.00000476837158203125,
          0.0000019073486328125,
          1
        ],
        "children": [
          "Bip01-R-Hand"
        ],
        "jointName": "Bip01-R-Forearm"
      },
      "Bip01-R-Hand": {
        "name": "Bip01-R-Hand",
        "matrix": [
          0.7013497948646545,
          0.7092233896255494,
          -0.07148803770542139,
          0,
          0.12594080904349922,
          -0.024578280818561993,
          0.9917333197279946,
          0,
          0.7016033494541281,
          -0.7045551572854654,
          -0.10655812995654364,
          0,
          9.287906646728516,
          0.0000050067901611328125,
          -0.000003814697265625,
          1
        ],
        "children": [
          "Bip01-R-Finger0",
          "Bip01-R-Finger1",
          "Bip01-R-Finger2",
          "Bip01-R-Finger3",
          "Bip01-R-Finger4",
          "Bone14"
        ],
        "jointName": "Bip01-R-Hand"
      },
      "Bip01-R-Finger0": {
        "name": "Bip01-R-Finger0",
        "matrix": [
          0.6067239046096802,
          0.6305655241012574,
          0.48401820659637446,
          0,
          0.6473863721684726,
          -0.03862968807386745,
          -0.7611826021954121,
          0,
          -0.46127802490906045,
          0.7751744558322156,
          -0.4316570735995256,
          0,
          1.6857357025146484,
          1.1524677276611328,
          2.303140640258789,
          1
        ],
        "children": [
          "Bip01-R-Finger01"
        ],
        "jointName": "Bip01-R-Finger0"
      },
      "Bip01-R-Finger01": {
        "name": "Bip01-R-Finger01",
        "matrix": [
          0.7931150197982787,
          0.6090720891952515,
          0.00000005960464477539064,
          0,
          -0.6090720670837927,
          0.7931149910054159,
          -0.00000001490116119384766,
          0,
          -0.000000056349206954880064,
          -0.000000024485184348962784,
          1,
          0,
          1.2276840209960938,
          0.00000286102294921875,
          -0.00000286102294921875,
          1
        ],
        "children": [
          "Bip01-R-Finger02"
        ],
        "jointName": "Bip01-R-Finger01"
      },
      "Bip01-R-Finger02": {
        "name": "Bip01-R-Finger02",
        "matrix": [
          0.9263130426406861,
          0.37675452232360834,
          0,
          0,
          -0.3767545593468102,
          0.9263131336683255,
          0.00000002980232238769562,
          0,
          0.000000011228160618671673,
          -0.00000002760628210059404,
          1.0000000000000102,
          0,
          0.9520988464355469,
          -0.0000019073486328125,
          0.000002384185791015625,
          1
        ],
        "children": [
          "Bip01-R-Finger0Nub"
        ],
        "jointName": "Bip01-R-Finger02"
      },
      "Bip01-R-Finger0Nub": {
        "name": "Bip01-R-Finger0Nub",
        "matrix": [
          -0.999999761581421,
          -0.0006903409957885227,
          -0.0000006332993507385254,
          0,
          0.0006903409140455889,
          -0.9999996423927622,
          -0.0000008493661880493085,
          0,
          -0.0000006327128098341914,
          -0.0000008498032288583854,
          0.9999999403953458,
          0,
          0.8882236480712891,
          0.000003814697265625,
          -0.00000095367431640625,
          1
        ]
      },
      "Bip01-R-Finger1": {
        "name": "Bip01-R-Finger1",
        "matrix": [
          0.8511886000633239,
          0.5161234736442567,
          0.09536480903625488,
          0,
          -0.5059068830035912,
          0.8551812401307135,
          -0.11279780093043479,
          0,
          -0.1397717868490352,
          0.04776648841492174,
          0.9890309287572195,
          0,
          3.770636558532715,
          -0.17337608337402344,
          1.3427486419677734,
          1
        ],
        "children": [
          "Bip01-R-Finger11"
        ],
        "jointName": "Bip01-R-Finger1"
      },
      "Bip01-L-Calf": {
        "name": "Bip01-L-Calf",
        "matrix": [
          0.9492718577384949,
          -0.3144566416740418,
          -0.00000010430812835693361,
          0,
          0.3144566238817662,
          0.9492718040277354,
          -0.000000013969838619232203,
          0,
          0.00000010340966933138368,
          -0.00000001953920639948749,
          0.9999999403953569,
          0,
          18.578838348388672,
          0.0000019073486328125,
          0.000025272369384765625,
          1
        ],
        "children": [
          "Bip01-L-Foot"
        ],
        "jointName": "Bip01-L-Calf"
      },
      "Bip01-L-Foot": {
        "name": "Bip01-L-Foot",
        "matrix": [
          0.9943016171455383,
          0.03597564995288849,
          0.10034761577844623,
          0,
          -0.027191006081961528,
          0.9957864881902361,
          -0.08757562140033553,
          0,
          -0.10307542309305875,
          0.08434805658250175,
          0.9910906496388537,
          0,
          14.034382820129395,
          0.0000019073486328125,
          0.00002002716064453125,
          1
        ],
        "children": [
          "Bip01-L-Toe0"
        ],
        "jointName": "Bip01-L-Foot"
      },
      "Bip01-L-Toe0": {
        "name": "Bip01-L-Toe0",
        "matrix": [
          -0.20662727952003468,
          0.9784138798713687,
          0.0033920328132808217,
          0,
          -0.9784186427755901,
          -0.2066204657768714,
          -0.00225552264610684,
          0,
          -0.0015059708584405506,
          -0.003784879631654552,
          0.9999915361834106,
          0,
          4.820715427398682,
          6.6672539710998535,
          0.000011444091796875,
          1
        ],
        "children": [
          "Bip01-L-Toe0Nub"
        ],
        "jointName": "Bip01-L-Toe0"
      },
      "Bip01-L-Toe0Nub": {
        "name": "Bip01-L-Toe0Nub",
        "matrix": [
          -0.9999997615814212,
          0.0006905943155287951,
          -0.000000034691765904426575,
          0,
          -0.0006905942744258501,
          -0.9999997019870956,
          0.0000015152618288993535,
          0,
          -0.00000003364531834085017,
