{
    "asset": {
        "generator": "tmx:FBX2GLTF",
        "premultipliedAlpha": true,
        "profile": {
            "api": "WebGL",
            "version": "1.0.2"
        },
        "version": "1.0"
    },
    "scene": "test",
    "scenes": {
        "test": {
            "nodes": [
                "RootNode"
            ]
        }
    },
    "nodes": {
        "RootNode": {
            "name": "RootNode",
            "children": [
                "Sky001",
                "Bip01",
                "K_ChangLeBangGaoShou001"
            ]
        },
        "Bip01-Spine1": {
            "name": "Bip01-Spine1",
            "matrix": [
                0.9989723563194275, -0.03692237287759781,
                0.02628311514854432,
                0,
                0.036268131175974196,
                0.999030470801697,
                0.02494814998722248,
                0, -0.027178780827210917, -0.023969275382632584,
                0.9993430403176357,
                0,
                7.109026908874512, -0.0058231353759765625, -0.00014019012451171875,
                1
            ],
            "children": [
                "Bip01-Spine2"
            ],
            "jointName": "Bip01-Spine1"
        },
        "Bip01-Spine": {
            "name": "Bip01-Spine",
            "matrix": [
                0.8053070902824403, -0.5544193983078004,
                0.20999933779239655,
                0,
                0.4145900801059233,
                0.7798448878251857,
                0.46899577611408366,
                0, -0.423787269154321, -0.29062198368486664,
                0.8578714065752034,
                0,
                3.155968189239502, -0.004414558410644531, -0.0026503801345825195,
                1
            ],
            "children": [
                "Bip01-Spine1",
                "Bip01-L-Thigh",
                "Bip01-R-Thigh"
            ],
            "jointName": "Bip01-Spine"
        },
        "Bip01-Pelvis": {
            "name": "Bip01-Pelvis",
            "matrix": [
                0.0000000000000001110222892277504,
                0.0000000000000000555111446138752,
                0.9999998807918322,
                0,
                0.999999880790793,
                0.0000015571709736115615, -0.00000000000000005551114461388481,
                0, -0.000001557171344816427,
                1.0000001192105548,
                0,
                0,
                0.00000095367431640625,
                0,
                0,
                1
            ],
            "children": [
                "Bip01-Spine",
                "Bone04",
                "Bone15",
                "Bone09",
                "Bone12",
                "Bone01",
                "Bone17"
            ],
            "jointName": "Bip01-Pelvis"
        },
        "Bip01": {
            "name": "Bip01",
            "matrix": [
                0.3279651588201519,
                2.167821439504624,
                1.2824158179759984,
                0,
                2.51807322506749, -0.31188827657890106, -0.11675011363977471,
                0,
                0.05782560993508532,
                1.2864199475043905, -2.1893784281169952,
                0,
                0.0000000000000004587268469698808,
                33.84479703903198, -0.000000008320749227806106,
                1
            ],
            "children": [
                "Bip01-Pelvis"
            ]
        },
        "Sky001": {
            "name": "Sky001",
            "matrix": [
                2.54,
                0,
                0,
                0,
                0,
                2.5400000000000005, -0.00000000000000000000000000000012523166870383563,
                0,
                0,
                0.00000000000000000000000000000012523166870383563,
                2.5400000000000005,
                0,
                0,
                0,
                0,
                1
            ]
        },
        "Bip01-R-Finger3Nub": {
            "name": "Bip01-R-Finger3Nub",
            "matrix": [-0.9999997615814212, -0.0006903558969497131, -0.0000036209821701049805,
                0,
                0.0006903558587220752, -0.9999997019870901, -0.0000008046627044678419,
                0, -0.0000036204258040097, -0.0000008071623271775708,
                1.0000000000000846,
                0,
                1.105189323425293,
                0.00000095367431640625,
                0.000003337860107421875,
                1
            ]
        },
        "Bip01-R-Finger4": {
            "name": "Bip01-R-Finger4",
            "matrix": [
                0.45008802413940435,
                0.8912432193756104, -0.05573466420173642,
                0, -0.814884743153394,
                0.43544940412875055,
                0.38255303353881936,
                0,
                0.3652174328315056, -0.1267652147070448,
                0.922251087366369,
                0,
                3.5281729698181152,
                0.3224067687988281, -1.7764992713928223,
                1
            ],
            "children": [
                "Bip01-R-Finger41"
            ],
            "jointName": "Bip01-R-Finger4"
        },
        "Bip01-R-Finger41": {
            "name": "Bip01-R-Finger41",
            "matrix": [
                0.7703524231910704,
                0.6376184225082399,
                0.00000017881393432617193,
                0, -0.6376184033201173,
                0.7703524000085022,
                0.0000000894069671630847,
                0, -0.00000008074221738269652, -0.0000001828899365378108,
                1.0000001192092753,
                0,
                1.4410419464111328,
                0, -0.0000019073486328125,
                1
            ],
            "children": [
                "Bip01-R-Finger42"
            ],
            "jointName": "Bip01-R-Finger41"
        },
        "Bip01-R-Finger42": {
            "name": "Bip01-R-Finger42",
            "matrix": [
                0.7703524827957152,
                0.6376181840896608,
                0.000000004976755008101461,
                0, -0.6376181740005334,
                0.7703524706063128,
                0.00000008940696716308574,
                0,
                0.00000005317365887989757, -0.00000007204815717599281,
                0.9999999999999978,
                0,
                0.9404735565185547,
                0.000004291534423828125,
                0.0000019073486328125,
                1
            ],
            "children": [
                "Bip01-R-Finger4Nub"
            ],
            "jointName": "Bip01-R-Finger42"
        },
        "Bip01-R-Finger4Nub": {
            "name": "Bip01-R-Finger4Nub",
            "matrix": [-0.9999998211860655, -0.000690385815687448, -0.000002397486241534352,
                0,
                0.0006903859051192677, -0.9999999403755624, -0.000002980232238769437,
                0, -0.00000239542858905771, -0.0000029818868972400114,
                1.0000002384185473,
                0,
                0.9055910110473633,
                0.0000019073486328125,
                0.000003814697265625,
                1
            ]
        },
        "Bone14": {
            "name": "Bone14",
            "matrix": [
                0.3243985772132873, -0.0030607879161834535,
                0.9459157586097716,
                0, -0.2219204254681161,
                0.9718386235667857,
                0.07925152056045193,
                0, -0.9195200204445476, -0.23562710286394695,
                0.31458380839274336,
                0,
                0.7690844535827637,
                1.5118350982666016, -6.213184833526611,
                1
            ],
            "children": [
                "dg01"
            ],
            "jointName": "Bone14"
        },
        "dg01": {
            "name": "dg01",
            "matrix": [
                1.0000001192092896,
                0.00000017881393432617188, -0.000003457069396972656,
                0, -0.00000017880657665701764,
                0.9999998807906962,
                0.0000021159648895267204,
                0,
                0.000003457069363222392, -0.000002115964523622993,
                1.000000000000167,
                0,
                45.62897872924805,
                0.000019073486328125, -0.0002231597900390625,
                1
            ]
        },
        "Bip01-RUpArmTwist": {
            "name": "Bip01-RUpArmTwist",
            "matrix": [
                0.2835354506969451,
                0.4508943855762483,
                0.8463465571403506,
                0,
                0.09126065277147627,
                0.8658725178734284, -0.49187024362092663,
                0, -0.9546096166120288,
                0.2167007589101809,
                0.20435660886647322,
                0,
                6.95683479309082,
                0.00001811981201171875, -0.0000209808349609375,
                1
            ],
            "children": [
                "Bip01-RUpArmTwist1"
            ],
            "jointName": "Bip01-RUpArmTwist"
        },
        "Bip01-RUpArmTwist1": {
            "name": "Bip01-RUpArmTwist1",
            "matrix": [
                0.9999999999999999,
                0.0000033229589462280265,
                0.0000006332993507385254,
                0, -0.000003357289782718585,
                0.9978547095751166,
                0.06546595768941493,
                0, -0.00000041440005477429266, -0.065465958457167,
                0.9978547212562069,
                0,
                5.296042442321777,
                0.00001430511474609375,
                0.0000019073486328125,
                1
            ],
            "jointName": "Bip01-RUpArmTwist1"
        },
        "Bip01-L-Thigh": {
            "name": "Bip01-L-Thigh",
            "matrix": [-0.9723591804504391, -0.005790598690509582,
                0.23341767489910123,
                0, -0.034742256014930355,
                0.9921517374631509, -0.12011429317019577,
                0, -0.23089028631187908, -0.12490372922147354, -0.96492931411649,
                0, -1.6913412809371948,
                0.5992307662963867,
                4.819305419921875,
                1
            ],
            "children": [
                "Bip01-L-Calf"
            ],
            "jointName": "Bip01-L-Thigh"
        },
        "Bip01-L-Finger01": {
            "name": "Bip01-L-Finger01",
            "matrix": [
                0.9779480695724486,
                0.20884856581687922,
                0.000000029802322387695312,
                0, -0.20884855234313976,
                0.9779480064807057,
                0.00000008568167686462516,
                0, -0.000000011250625473290675, -0.00000009001639465933585,
                1.0000000000000133,
                0,
                1.2276735305786133,
                0.00000095367431640625, -0.000003814697265625,
                1
            ],
            "children": [
                "Bip01-L-Finger02"
            ],
            "jointName": "Bip01-L-Finger01"
        },
        "Bip01-L-Finger02": {
            "name": "Bip01-L-Finger02",
            "matrix": [
                0.9999998807907104,
                0.00000003352761268615723, -0.00000008940696716308595,
                0, -0.00000003352761301922418,
                0.9999999403953553,
                0.000000018626451492309504,
                0,
                0.00000008940696778758604, -0.000000018626447384483952,
                0.999999880790707,
                0,
                0.9520959854125977,
                0, -0.0000019073486328125,
                1
            ],
            "children": [
                "Bip01-L-Finger0Nub"
            ],
            "jointName": "Bip01-L-Finger02"
        },
        "Bip01-L-Finger0Nub": {
            "name": "Bip01-L-Finger0Nub",
            "matrix": [
                0.9999998807907104,
                0.00000006705522537231441, -0.00000008940696716308595,
                0, -0.00000006705525101846922,
                0.9999998211860637, -0.000000331550836563118,
                0,
                0.00000008940695025993738,
                0.0000003315508820822796,
                0.9999999403953782,
                0,
                0.8882236480712891,
                0.00000286102294921875,
                0.0000019073486328125,
                1
            ]
        },
        "Bip01-L-Finger1": {
            "name": "Bip01-L-Finger1",
            "matrix": [
                0.9445366859436035,
                0.3071855902671813, -0.11613506078720091,
                0, -0.2931956073172376,
                0.9480854085882944,
                0.12316839114125343,
                0,
                0.14794152577451175, -0.08228678224686513,
                0.9855670106595544,
                0,
                3.770641326904297, -0.17337608337402344, -1.3427577018737793,
                1
            ],
            "children": [
                "Bip01-L-Finger11"
            ],
            "jointName": "Bip01-L-Finger1"
        },
        "Bip01-L-Finger11": {
            "name": "Bip01-L-Finger11",
            "matrix": [
                0.9967691898345948,
                0.08031755685806276, -0.00000008940696716308592,
                0, -0.08031756944329826,
                0.9967693460218032,
                0,
                0,
                0.00000008911812386402914,
                0.000000007180950267655049,
                0.9999998807907083,
                0,
                1.7271099090576172, -0.0000019073486328125,
                0.00000286102294921875,
                1
            ],
            "children": [
                "Bip01-L-Finger12"
            ],
            "jointName": "Bip01-L-Finger11"
        },
        "Bip01-L-Finger12": {
            "name": "Bip01-L-Finger12",
            "matrix": [
                0.9970061182975769, -0.07732519507408143, -0.00000011920928955078125,
                0,
                0.07732518182324663,
                0.9970059474455193,
                0.000000044703483581542856,
                0,
                0.0000001153956403492932, -0.0000000537875151001466,
                0.9999999999999977,
                0,
                1.0268230438232422,
                0.000003814697265625, -0.00000667572021484375,
                1
            ],
            "children": [
                "Bip01-L-Finger1Nub"
            ],
            "jointName": "Bip01-L-Finger12"
        },
        "Bip01-L-Finger1Nub": {
            "name": "Bip01-L-Finger1Nub",
            "matrix": [
                1, -0.00000008940696716308594, -0.00000005960464477539062,
                0,
                0.00000008940692719505706,
                0.9999998807907104, -0.0000004917383193969681,
                0,
                0.00000005960468874022662,
                0.0000004917383726876737,
                0.999999999999991,
                0,
                1.0072517395019531,
                0.000003814697265625,
                0,
                1
            ]
        },
        "Bip01-L-Finger2": {
            "name": "Bip01-L-Finger2",
            "matrix": [
                0.9762229919433594,
                0.21155790984630582,
                0.04724425077438353,
                0, -0.20898089584949842,
                0.9764201688184447, -0.05413261084442901,
                0, -0.057582431005017,
                0.042972360696185846,
                0.9974155478531453,
                0,
                3.9104652404785156, -0.019866943359375, -0.2563290596008301,
                1
            ],
            "children": [
                "Bip01-L-Finger21"
            ],
            "jointName": "Bip01-L-Finger2"
        },
        "Bip01-L-Finger21": {
            "name": "Bip01-L-Finger21",
            "matrix": [
                0.9903560876846315,
                0.13854487240314486,
                0,
                0, -0.13854488201154097,
                0.9903561563680364, -0.00000023841857910155646,
                0, -0.00000003303166994728337,
                0.000000236119279272143,
                0.9999998807906852,
                0,
                2.277261734008789,
                0.0000057220458984375,
                0.000003814697265625,
                1
            ],
            "children": [
                "Bip01-L-Finger22"
            ],
            "jointName": "Bip01-L-Finger21"
        },
        "Bip01-L-Finger22": {
            "name": "Bip01-L-Finger22",
            "matrix": [
                0.9999999403953552,
                0,
                0,
                0,
                0,
                0.9999998211860661,
                0.00000005960464477539063,
                0,
                0, -0.000000059604641222676284,
                0.9999997615814209,
                0,
                1.147963523864746,
                0, -0.00000095367431640625,
                1
            ],
            "children": [
                "Bip01-L-Finger2Nub"
            ],
            "jointName": "Bip01-L-Finger22"
        },
        "Bone02": {
            "name": "Bone02",
            "matrix": [
                0.9783414602279663,
                0.20466807484626767, -0.030977886170148846,
                0, -0.2037289362055686,
                0.9785378057683196,
                0.030957048766320702,
                0,
                0.036648938736361034, -0.02397546360344162,
                0.999040544273679,
                0,
                2.8456592559814453,
                0.0000016689300537109375,
                0.00000864267349243164,
                1
            ],
            "children": [
                "Bone03"
            ],
            "jointName": "Bone02"
        },
        "Bone03": {
            "name": "Bone03",
            "matrix": [
                0.9474066495895387,
                0.2780922353267669, -0.15838484466075897,
                0, -0.27911639592225557,
                0.9601206941750418,
                0.01619713379716328,
                0,
                0.15657285646400398,
                0.02886253333059326,
                0.987244784090534,
                0,
                9.341081619262695,
                0.0000400543212890625,
                0.000035434961318969727,
                1
            ],
            "children": [
                "Bone07"
            ],
            "jointName": "Bone03"
        },
        "Bone07": {
            "name": "Bone07",
            "matrix": [
                0.9846394658088684,
                0.16605132818222051, -0.053963258862495436,
                0, -0.16580255175478267,
                0.9861171743997228,
                0.009086377901031752,
                0,
                0.054722903373373,
                0.000000439737811519873,
                0.9985016564958485,
                0,
                9.641311645507812, -0.0000324249267578125,
                0.00003319978713989258,
                1
            ],
            "jointName": "Bone07"
        },
        "Bone17": {
            "name": "Bone17",
            "matrix": [-0.9565172195434566,
                0.26214271783828763,
                0.1278960406780243,
                0,
                0.19969756924756887,
                0.2689679941785976,
                0.942219649974569,
                0,
                0.21259594329559992,
                0.926789259606418, -0.30962158483799895,
                0, -1.0284929275512695, -3.4485950469970703,
                5.991365432739258,
                1
            ],
            "children": [
                "Bone18"
            ],
            "jointName": "Bone17"
        },
        "Bone18": {
            "name": "Bone18",
            "matrix": [
                0.9909273982048035, -0.12670239806175235, -0.044831216335296624,
                0,
                0.12575962319819137,
                0.9917878462265005, -0.023270443134875432,
                0,
                0.04741147132199506,
                0.017421360915506823,
                0.9987236880169286,
                0,
                6.447788238525391,
                0.00001049041748046875, -0.0000019073486328125,
                1
            ],
            "jointName": "Bone18"
        },
        "K_ChangLeBangGaoShou001": {
            "name": "K_ChangLeBangGaoShou001",
            "matrix": [
                2.54,
                0,
                0,
                0,
                0,
                0.0000000000000005639932965095795, -2.5400000000000005,
                0,
                0,
                2.5400000000000005,
                0.0000000000000005639932965095795,
                0,
                0,
                0,
                0,
                1
            ],
            "skin": "skin_K_ChangLeBangGaoShou001",
            "meshes": [
                "mesh_M_ChangLeBangGaoShou001_a_MI_64",
                "mesh_M_ChangLeBangGaoShou001_b_MI_65",
                "mesh_M_ChangLeBangGaoShou001_c_MI_66",
                "mesh_M_ChangLeBangGaoShou001_wq_MI_67"
            ]
        },
        "Bip01-LUpArmTwist1": {
            "name": "Bip01-LUpArmTwist1",
            "matrix": [
                0.9999999999999999, -0.00000011920928955078124, -0.00000022351741790771482,
                0,
                0.00000007514306616819752,
                0.9822314376077905, -0.18767237952251703,
                0,
                0.0000002419181736550415,
                0.18767241668333243,
                0.982231632098527,
                0,
                5.296043395996094, -0.000000476837158203125,
                0,
                1
            ],
            "jointName": "Bip01-LUpArmTwist1"
        },
        "Bip01-R-Clavicle": {
            "name": "Bip01-R-Clavicle",
            "matrix": [-0.22257757186889657, -0.28769841790199285, -0.9314984679222107,
                0, -0.39706665213713016, -0.8458773264346663,
                0.3561312350810205,
                0, -0.8903918481163878,
                0.4491338145922799,
                0.07403787559087882,
                0, -2.260915756225586,
                1.2137255668640137, -1.1274309158325195,
                1
            ],
            "children": [
                "Bip01-R-UpperArm",
                "Bip01-RUpArmTwist"
            ],
            "jointName": "Bip01-R-Clavicle"
        },
        "Bip01-R-UpperArm": {
            "name": "Bip01-R-UpperArm",
            "matrix": [
                0.2835351824760437,
                0.450894296169281,
                0.8463461995124817,
                0, -0.03423837766272038,
                0.8867625017720825, -0.46095601264857733,
                0, -0.9583502804731638,
                0.10171970197121875,
                0.26686619299899567,
                0,
                6.95683479309082,
                0.00001811981201171875, -0.0000209808349609375,
                1
            ],
            "children": [
                "Bip01-R-Forearm"
            ]
        },
        "Bip01-R-Forearm": {
            "name": "Bip01-R-Forearm",
            "matrix": [
                0.9186559319496155, -0.395059049129486, -0.00000011920928955078125,
                0,
                0.3950590058656692,
                0.9186558313455109,
                0,
                0,
                0.00000010951230618471738, -0.000000047094702210755896,
                1.0000002384185793,
                0,
                10.592081069946289,
                0.00003147125244140625,
                0.000003814697265625,
                1
            ],
            "children": [
                "Bip01-R-Hand"
            ],
            "jointName": "Bip01-R-Forearm"
        },
        "Bip01-R-Hand": {
            "name": "Bip01-R-Hand",
            "matrix": [
                0.5054455995559693,
                0.6710270643234252, -0.5424456000328065,
                0,
                0.1692010496598583,
                0.5393764283475382,
                0.8248902880640334,
                0,
                0.8461063440811094, -0.5087196906829518,
                0.15908700847507018,
                0,
                9.287910461425781,
                0.000030040740966796875, -0.000003814697265625,
                1
            ],
            "children": [
                "Bip01-R-Finger0",
                "Bip01-R-Finger1",
                "Bip01-R-Finger2",
                "Bip01-R-Finger3",
                "Bip01-R-Finger4",
                "Bone14"
            ],
            "jointName": "Bip01-R-Hand"
        },
        "Bip01-R-Finger0": {
            "name": "Bip01-R-Finger0",
            "matrix": [
                0.6502050757408142,
                0.5769325494766235,
                0.49435031414031994,
                0,
                0.5714253599811796,
                0.057461254808311275, -0.8186399929840004,
                0, -0.5007059811597399,
                0.8147680767084613, -0.2923122514345428,
                0,
                1.6857476234436035,
                1.1524772644042969,
                2.3031368255615234,
                1
            ],
            "children": [
                "Bip01-R-Finger01"
            ],
            "jointName": "Bip01-R-Finger0"
        },
        "Bip01-R-Finger01": {
            "name": "Bip01-R-Finger01",
            "matrix": [
                0.4700447916984558,
                0.882642388343811,
                0.00000011920928955078128,
                0, -0.8826424130726812,
                0.470044804867637, -0.000000007450580596923954,
                0, -0.00000006260992303365142, -0.00000010171709687389572,
                1.0000000000000158,
                0,
                1.2276740074157715,
                0.00000286102294921875,
                0.0000019073486328125,
                1
            ],
            "children": [
                "Bip01-R-Finger02"
            ],
            "jointName": "Bip01-R-Finger01"
        },
        "Bip01-R-Finger02": {
            "name": "Bip01-R-Finger02",
            "matrix": [
                1.000000238418579,
                0.000000003725290298461915,
                0.00000008940696716308595,
                0, -0.0000000037252866902379447,
                1.0000001192092896, -0.00000003539025783538806,
                0, -0.00000008940694597864756,
                0.00000003539025328347447,
                0.9999999999999962,
                0,
                0.9520950317382812,
                0.0000012516975402832031,
                0.0000095367431640625,
                1
            ],
            "children": [
                "Bip01-R-Finger0Nub"
            ],
            "jointName": "Bip01-R-Finger02"
        },
        "Bip01-R-Finger0Nub": {
            "name": "Bip01-R-Finger0Nub",
            "matrix": [-0.9999998211860657, -0.0006903670728208255, -0.0000030994415283203125,
                0,
                0.0006903671131567699, -0.9999998807919687,
                0.0000002626329660415885,
                0, -0.000003099621918448964,
                0.00000026049312005876695,
                1.0000000000000893,
                0,
                0.8882217407226562,
                0.0000021457672119140625,
                0.000003814697265625,
                1
            ]
        },
        "Bip01-R-Finger1": {
            "name": "Bip01-R-Finger1",
            "matrix": [
                0.6343922615051268,
                0.7700139284133912,
                0.068007230758667,
                0, -0.7388335926381039,
                0.6298630424558453, -0.23957749481095134,
                0, -0.22731329638502992,
                0.1017401032249421,
                0.9684925980325814,
                0,
                3.770643711090088, -0.17336273193359375,
                1.3427424430847168,
                1
            ],
            "children": [
                "Bip01-R-Finger11"
            ],
            "jointName": "Bip01-R-Finger1"
        },
        "Bip01-L-Calf": {
            "name": "Bip01-L-Calf",
            "matrix": [
                0.854129731655121, -0.5200599431991576,
                0.00000008940696716308592,
                0,
                0.5200599650853049,
                0.8541297676002153, -0.00000005960464477539098,
                0, -0.000000045367164584456444,
                0.00000009740708491984665,
                1.000000000000006,
                0,
                18.578861236572266,
                0.00000476837158203125,
                0.000051975250244140625,
                1
            ],
            "children": [
                "Bip01-L-Foot"
            ],
            "jointName": "Bip01-L-Calf"
        },
        "Bip01-L-Foot": {
            "name": "Bip01-L-Foot",
            "matrix": [
                0.943269193172455, -0.29800531268119806,
                0.14641004800796503,
                0,
                0.3307402464981999,
                0.8045158364959992, -0.4933205953741693,
                0,
                0.029222959587091663,
                0.5137578778425281,
                0.857437458870546,
                0,
                14.034384727478027,
                0.00000762939453125,
                0.000030994415283203125,
                1
            ],
            "children": [
                "Bip01-L-Toe0"
            ],
            "jointName": "Bip01-L-Foot"
        },
        "Bip01-L-Toe0": {
            "name": "Bip01-L-Toe0",
            "matrix": [
                0.00000005960464510845699,
                1.0000001192092896,
                0.00000007450580596923828,
                0, -0.9999999999999982,
                0.00000005960463356213818,
                0.000000059604644775390374,
                0,
                0.00000005960464743992611, -0.00000007450580952195143,
                1.0000001192092856,
                0,
                4.820716857910156,
                6.6672515869140625,
                0.00002002716064453125,
                1
            ],
            "children": [
                "Bip01-L-Toe0Nub"
            ],
            "jointName": "Bip01-L-Toe0"
        },
        "Bip01-L-Toe0Nub": {
            "name": "Bip01-L-Toe0Nub",
            "matrix": [-0.9999999403953552,
                0.0006906539201735558, -0.000002086162567138672,
                0, -0.0006906539227599227, -0.9999999403593345,
                0.0000012516975402831947,
                0, -0.000002085297206874683,
                0.0000012531378337172093,
                0.9999999999999933,
                0,
                2.8172779083251953, -0.000003814697265625,
                0.00000476837158203125,
                1
            ]
        },
        "Bip01-R-Thigh": {
            "name": "Bip01-R-Thigh",
            "matrix": [-0.9569187760353088,
                0.18270778656005915, -0.2256646901369095,
                0,
                0.27311407573588653,
                0.8302224325384664, -0.4859417040524058,
                0,
                0.0985665634704405, -0.5266389900576215, -0.844355576178946,
                0, -3.395489454269409, -3.2067203521728516, -2.1424055099487305,
                1
            ],
            "children": [
                "Bip01-R-Calf"
            ],
            "jointName": "Bip01-R-Thigh"
        },
        "Bip01-R-Calf": {
            "name": "Bip01-R-Calf",
            "matrix": [
                0.27478900551795976, -0.9615045189857483,
                0.000000048428773880004876,
                0,
                0.9615045425933205,
                0.2747890122647883,
                0.00000010058283805847201,
                0, -0.00000011001853931578955,
                0.00000001892542649608771,
                0.9999998807907138,
                0,
                18.578857421875, -0.00001239776611328125, -0.00006389617919921875,
                1
            ],
            "children": [
                "Bip01-R-Foot"
            ],
            "jointName": "Bip01-R-Calf"
        },
        "Bip01-R-Foot": {
            "name": "Bip01-R-Foot",
            "matrix": [
                0.968746542930603, -0.2473882138729095, -0.0181458443403244,
                0,
                0.2464833843381903,
                0.9682541568599576, -0.04159299280831373,
                0,
                0.027859402645488453,
                0.03582041531051424,
                0.9989698521105373,
                0,
                14.034380912780762, -0.0000133514404296875, -0.00002002716064453125,
                1
            ],
            "children": [
                "Bip01-R-Toe0"
            ],
            "jointName": "Bip01-R-Foot"
        },
        "Bip01-R-Toe0": {
            "name": "Bip01-R-Toe0",
            "matrix": [-0.000000029802322276672702,
                0.9999998807907104, -0.00000007636845111846925,
                0, -1.000000000000001, -0.00000002980232471916372,
                0.000000014901161193847656,
                0,
                0.000000014901157141533411,
                0.00000007636845156255842,
                0.9999998807907109,
                0,
                4.820720195770264,
                6.667255401611328, -0.000027179718017578125,
                1
            ],
            "children": [
                "Bip01-R-Toe0Nub"
            ],
            "jointName": "Bip01-R-Toe0"
        },
        "Bip01-R-Toe0Nub": {
            "name": "Bip01-R-Toe0Nub",
            "matrix": [
                0.9999998211860657, -0.000001013278961181641, -0.0000034207478165626526,
                0,
                0.0000010132811436029418,
                0.9999997615814209,
                0.0000006556510925294845,
                0,
                0.00000342074817166478, -0.0000006556547931892768,
                1.0000001192095758,
                0,
                2.8172874450683594, -0.000003814697265625, -0.0000095367431640625,
                1
            ]
        },
        "Bone04": {
            "name": "Bone04",
            "matrix": [-0.4231153130531311,
                0.9011355638504027,
                0.09448820352554324,
                0,
                0.8863782679776341,
                0.3900340948772023,
                0.2494134024299537,
                0,
                0.18790165008911677,
                0.1892829039136613, -0.9637762963733799,
                0,
                2.706432819366455,
                5.073138236999512, -0.000013232231140136719,
                1
            ],
            "children": [
                "Bone05"
            ],
            "jointName": "Bone04"
        },
        "Bip01-Spine2": {
            "name": "Bip01-Spine2",
            "matrix": [
                0.9958924651145935, -0.07440122961997989,
                0.05160042643547059,
                0,
                0.07178604028996358,
                0.9961252785646769,
                0.05080905598422305,
                0, -0.05518075382539341, -0.04689617288521721,
                0.9973747812197108,
                0,
                7.319559097290039, -0.0053253173828125, -0.000270843505859375,
                1
            ],
            "children": [
                "Bip01-Neck"
            ],
            "jointName": "Bip01-Spine2"
        },
        "Bip01-Neck": {
            "name": "Bip01-Neck",
            "matrix": [
                0.9055663347244263,
                0.4242048263549805,
                0.0000011473894119262695,
                0, -0.424204826354609,
                0.9055663347246004, -0.00000035762786865237133,
                0, -0.000001190744547757036, -0.00000016287234828183708,
                1.000000000000077,
                0,
                7.135392189025879, -1.8604631423950195,
                0.00000095367431640625,
                1
            ],
            "children": [
                "Bip01-Head",
                "Bip01-L-Clavicle",
                "Bip01-R-Clavicle"
            ],
            "jointName": "Bip01-Neck"
        },
        "Bip01-Head": {
            "name": "Bip01-Head",
            "matrix": [
                0.6544328927993778, -0.6634598374366758,
                0.362682819366455,
                0,
                0.6668884352903872,
                0.7325196080901168,
                0.1366582853516105,
                0, -0.35633948800398024,
                0.15243526989944603,
                0.9218384315094449,
                0,
                2.4464588165283203, -0.00000095367431640625,
                0,
                1
            ],
            "children": [
                "Bip01-HeadNub",
                "Bone11"
            ],
            "jointName": "Bip01-Head"
        },
        "Bip01-HeadNub": {
            "name": "Bip01-HeadNub",
            "matrix": [
                1.0000001192092896, -0.00000005960464477539063,
                0,
                0,
                0.00000005960464477539063,
                1.0000001192092896, -0.00000017881393432617442,
                0,
                0.000000000000010658139765852498,
                0.00000017881393432617632,
                1.0000001192093038,
                0,
                9.019598007202148, -0.0000019073486328125,
                0.0000019073486328125,
                1
            ]
        },
        "Bone11": {
            "name": "Bone11",
            "matrix": [
                0.23057717084884652,
                0.9730541110038757,
                0.0004983693361282348,
                0,
                0.9730541495511609, -0.23057685738137837, -0.0006298720836416789,
                0, -0.0004979870165643407,
                0.0006301742603567846, -0.9999997615461195,
                0,
                3.959430694580078,
                1.7774295806884766, -0.0000019073486328125,
                1
            ],
            "jointName": "Bone11"
        },
        "Bip01-L-Clavicle": {
            "name": "Bip01-L-Clavicle",
            "matrix": [-0.2772157192230222,
                0.16630676388740512,
                0.9463051557540891,
                0, -0.4246720389525912, -0.9046865631179183,
                0.03458686633312079,
                0,
                0.8618617603800449, -0.3922813950199581,
                0.3214192327539437,
                0, -2.260913848876953,
                1.2137203216552734,
                1.1274280548095703,
                1
            ],
            "children": [
                "Bip01-L-UpperArm",
                "Bip01-LUpArmTwist"
            ],
            "jointName": "Bip01-L-Clavicle"
        },
        "Bip01-L-UpperArm": {
            "name": "Bip01-L-UpperArm",
            "matrix": [
                0.9093663692474364, -0.41417917609214777,
                0.0388401411473751,
                0,
                0.3193171358878279,
                0.7548186987365834,
                0.5729619301953727,
                0, -0.2666261359579307, -0.508629932185919,
                0.8186611586533036,
                0,
                6.956831932067871,
                0, -0.000003814697265625,
                1
            ],
            "children": [
                "Bip01-L-Forearm"
            ]
        },
        "Bip01-L-Forearm": {
            "name": "Bip01-L-Forearm",
            "matrix": [
                0.3339077234268187, -0.942605793476105, -0.00000005960464477539064,
                0,
                0.942605731136958,
                0.33390770134386705, -0.00000007450580596923798,
                0,
                0.00000009013205576560409, -0.000000031305616230191896,
