{
    "asset": {
      "generator": "tmx:FBX2GLTF",
      "premultipliedAlpha": true,
      "profile": {
        "api": "WebGL",
        "version": "1.0.2"
      },
      "version": "1.0"
    },
    "scene": "test",
    "scenes": {
      "test": {
        "nodes": [
          "RootNode"
        ]
      }
    },
    "nodes": {
      "RootNode": {
        "name": "RootNode",
        "children": [
          "Sky001",
          "Bip01",
          "K_ChangLeBangGaoShou001"
        ]
      },
      "Bip01-Spine1": {
        "name": "Bip01-Spine1",
        "matrix": [
          0.999974489212036,
          0.007129319012165069,
          0.0005708411335945128,
          0,
          -0.007121265193912931,
          0.9998896121429642,
          -0.01304828375585832,
          0,
          -0.0006638034646101219,
          0.013043885133899886,
          0.9999148249686739,
          0,
          7.109287261962891,
          -0.005830049514770508,
          0.00007677078247070312,
          1
        ],
        "children": [
          "Bip01-Spine2"
        ],
        "jointName": "Bip01-Spine1"
      },
      "Bip01-Spine": {
        "name": "Bip01-Spine",
        "matrix": [
          0.999744713306427,
          0.02164803445339203,
          0.006473176181316375,
          0,
          -0.01891136955311788,
          0.9584606286436936,
          -0.28459707064702416,
          0,
          -0.012365251466777962,
          0.28440199474713745,
          0.9586253220833003,
          0,
          3.1580429077148438,
          0.002788066864013672,
          0.0500720739364624,
          1
        ],
        "children": [
          "Bip01-Spine1",
          "Bip01-L-Thigh",
          "Bip01-R-Thigh"
        ],
        "jointName": "Bip01-Spine"
      },
      "Bip01": {
        "name": "Bip01",
        "matrix": [
          0.05409911673515959,
          -0.2425265111029155,
          2.5278165745735177,
          0,
          2.535495978382988,
          -0.13542186650117086,
          -0.06725625879493523,
          0,
          0.14119408156471008,
          2.5247659538757503,
          0.23921205720634497,
          0,
          0,
          92.33805564880372,
          1.4232186031341554,
          1
        ],
        "children": [
          "Bip01-Pelvis"
        ]
      },
      "Sky001": {
        "name": "Sky001",
        "matrix": [
          2.54,
          0,
          0,
          0,
          0,
          2.5400000000000005,
          -0.00000000000000000000000000000012523166870383563,
          0,
          0,
          0.00000000000000000000000000000012523166870383563,
          2.5400000000000005,
          0,
          0,
          0,
          0,
          1
        ]
      },
      "Bip01-Pelvis": {
        "name": "Bip01-Pelvis",
        "matrix": [
          -0.001573160290717892,
          -0.015482958406209238,
          0.9998788237571714,
          0,
          0.9977796570674994,
          0.06655244847423882,
          0.002600411235006176,
          0,
          -0.0665846572623562,
          0.9976630101250192,
          0.015343885864842633,
          0,
          -0.0000002384185791015625,
          0.00000011920928955078125,
          0,
          1
        ],
        "children": [
          "Bip01-Spine",
          "Bone04",
          "Bone15",
          "Bone09",
          "Bone12",
          "Bone01",
          "Bone17"
        ],
        "jointName": "Bip01-Pelvis"
      },
      "Bone05": {
        "name": "Bone05",
        "matrix": [
          0.9987192749977113,
          0.04701903462409973,
          0.018696114420890808,
          0,
          -0.04758585516139414,
          0.998382211666877,
          0.031126413509388925,
          0,
          -0.017202329226250205,
          -0.03197621057278852,
          0.9993407135070246,
          0,
          5.460588455200195,
          -0.0000057220458984375,
          -0.000034332275390625,
          1
        ],
        "children": [
          "Bone06"
        ],
        "jointName": "Bone05"
      },
      "Bone06": {
        "name": "Bone06",
        "matrix": [
          0.9933332204818726,
          -0.10188880562782289,
          0.05391944199800492,
          0,
          0.106030757003155,
          0.9910961554833292,
          -0.08053254296867578,
          0,
          -0.04523400508584323,
          0.08571280368331491,
          0.9952924799092833,
          0,
          6.382322311401367,
          -0.00000762939453125,
          -0.000038623809814453125,
          1
        ],
        "children": [
          "Bone08"
        ],
        "jointName": "Bone06"
      },
      "Bone08": {
        "name": "Bone08",
        "matrix": [
          0.9964524507522583,
          -0.06655567884445189,
          0.05150525271892549,
          0,
          0.06667391829148221,
          0.9977744848452482,
          -0.0005791857855217209,
          0,
          -0.05135208555920436,
          0.004011188627313976,
          0.9986724882115279,
          0,
          9.478678703308105,
          0.0000019073486328125,
          -0.00006008148193359375,
          1
        ],
        "jointName": "Bone08"
      },
      "Bone15": {
        "name": "Bone15",
        "matrix": [
          -0.9206121563911446,
          0.352771043777466,
          0.16740989685058594,
          0,
          0.12336627665883249,
          -0.14400317643384952,
          0.9818573927285619,
          0,
          0.3704783981343023,
          0.9245625471791951,
          0.08905102074165316,
          0,
          -1.1392974853515625,
          5.678628921508789,
          5.929226875305176,
          1
        ],
        "children": [
          "Bone16"
        ],
        "jointName": "Bone15"
      },
      "Bone16": {
        "name": "Bone16",
        "matrix": [
          0.9996113777160643,
          0.019821815192699432,
          0.01961612701416015,
          0,
          -0.021360409567628996,
          0.9964352244170388,
          0.08161415173498972,
          0,
          -0.017928454237086694,
          -0.08200142004958623,
          0.9964711086905828,
          0,
          7.167564392089844,
          0.0000133514404296875,
          -0.000011444091796875,
          1
        ],
        "jointName": "Bone16"
      },
      "Bone09": {
        "name": "Bone09",
        "matrix": [
          -0.8089507222175597,
          0.5578568577766418,
          -0.18545871973037717,
          0,
          -0.07106186097681655,
          0.22036724108596972,
          0.9728252232666234,
          0,
          0.5835660606951675,
          0.8001464510419622,
          -0.13862384771655756,
          0,
          -1.1797523498535156,
          4.500584602355957,
          -6.108691692352295,
          1
        ],
        "children": [
          "Bone10"
        ],
        "jointName": "Bone09"
      },
      "Bone10": {
        "name": "Bone10",
        "matrix": [
          0.9999387860298157,
          -0.010416015982627869,
          -0.0037714838981628422,
          0,
          0.010326709569693655,
          0.9996826056131752,
          -0.022970419378470722,
          0,
          0.004009547358792881,
          0.022930067696345768,
          0.9997290373450066,
          0,
          7.204353332519531,
          0.00000286102294921875,
          -0.0000019073486328125,
          1
        ],
        "jointName": "Bone10"
      },
      "Bone12": {
        "name": "Bone12",
        "matrix": [
          -0.9870147705078125,
          -0.010853119194507804,
          -0.16026233136653903,
          0,
          -0.15677078087478424,
          -0.1522832906822166,
          0.9758239736004097,
          0,
          -0.03499601584781376,
          0.9882773169959467,
          0.14860443392441958,
          0,
          -0.6788330078125,
          -5.018077850341797,
          -5.657456874847412,
          1
        ],
        "children": [
          "Bone13"
        ],
        "jointName": "Bone12"
      },
      "Bone13": {
        "name": "Bone13",
        "matrix": [
          0.9986213445663453,
          -0.0504697561264038,
          -0.014411330223083493,
          0,
          0.05025258012592197,
          0.9986230719270687,
          -0.015055082752571714,
          0,
          0.015151313408873596,
          0.014310120639252112,
          0.9997825631970116,
          0,
          6.511816024780273,
          -0.00000286102294921875,
          0.00000286102294921875,
          1
        ],
        "jointName": "Bone13"
      },
      "Bone01": {
        "name": "Bone01",
        "matrix": [
          -0.9404199719429019,
          -0.3373997211456301,
          0.04209899902343751,
          0,
          -0.3400050882510101,
          0.9341420193702356,
          -0.10851371323537164,
          0,
          -0.0027139466448935557,
          -0.1163623057251635,
          -0.9932031663721945,
          0,
          2.9364242553710938,
          -4.943663597106934,
          0.00002491474151611328,
          1
        ],
        "children": [
          "Bone02"
        ],
        "jointName": "Bone01"
      },
      "Bone02": {
        "name": "Bone02",
        "matrix": [
          0.9968881607055664,
          -0.038794189691543586,
          -0.06862203776836398,
          0,
          0.04101267506094063,
          0.9986709307151258,
          0.031220592555922088,
          0,
          0.06731965369739738,
          -0.03393781089447487,
          0.9971542357612142,
          0,
          2.8456974029541016,
          0.000030517578125,
          0.000036716461181640625,
          1
        ],
        "children": [
          "Bone03"
        ],
        "jointName": "Bone02"
      },
      "Bone03": {
        "name": "Bone03",
        "matrix": [
          0.9982405900955201,
          -0.010961592197418213,
          -0.05827382951974869,
          0,
          0.010893211635284823,
          0.9999396209723987,
          -0.0014909666485676742,
          0,
          0.05828665395552393,
          0.0008535542632379912,
          0.9982997171275401,
          0,
          9.341007232666016,
          0.000011444091796875,
          0.00011795759201049805,
          1
        ],
        "children": [
          "Bone07"
        ],
        "jointName": "Bone03"
      },
      "Bone07": {
        "name": "Bone07",
        "matrix": [
          0.9943557977676393,
          -0.09887555241584782,
          -0.03847442939877511,
          0,
          0.09874019666733411,
          0.9950984202734,
          -0.005406681451550067,
          0,
          0.03882043694192043,
          0.001577192501743507,
          0.9992449885798587,
          0,
          9.641328811645508,
          0.000019073486328125,
          0.00012111663818359375,
          1
        ],
        "jointName": "Bone07"
      },
      "Bone17": {
        "name": "Bone17",
        "matrix": [
          -0.9176485538482667,
          -0.22477069497108415,
          0.3277188837528229,
          0,
          0.22328989898155946,
          0.3905422798731885,
          0.8930950490262091,
          0,
          -0.3287296069683599,
          0.8927235122550491,
          -0.30819146891519367,
          0,
          -1.0284957885742188,
          -3.4485905170440674,
          5.991359233856201,
          1
        ],
        "children": [
          "Bone18"
        ],
        "jointName": "Bone17"
      },
      "Bone18": {
        "name": "Bone18",
        "matrix": [
          0.9997860789299012,
          0.011906266212463375,
          0.016916424036025998,
          0,
          -0.011728400671997825,
          0.9998753069703032,
          -0.010574921963440388,
          0,
          -0.017040222264057398,
          0.010374257014876048,
          0.9998010394916496,
          0,
          6.447795867919922,
          -0.000003814697265625,
          0.00000762939453125,
          1
        ],
        "jointName": "Bone18"
      },
      "K_ChangLeBangGaoShou001": {
        "name": "K_ChangLeBangGaoShou001",
        "matrix": [
          2.54,
          0,
          0,
          0,
          0,
          0.0000000000000005639932965095795,
          -2.5400000000000005,
          0,
          0,
          2.5400000000000005,
          0.0000000000000005639932965095795,
          0,
          0,
          0,
          0,
          1
        ],
        "skin": "skin_K_ChangLeBangGaoShou001",
        "meshes": [
          "mesh_M_ChangLeBangGaoShou001_a_MI_176",
          "mesh_M_ChangLeBangGaoShou001_b_MI_177",
          "mesh_M_ChangLeBangGaoShou001_c_MI_178",
          "mesh_M_ChangLeBangGaoShou001_wq_MI_179"
        ]
      },
      "Bip01-Spine2": {
        "name": "Bip01-Spine2",
        "matrix": [
          0.9998979568481443,
          0.014265052974224089,
          0.0010486021637916563,
          0,
          -0.014232839342860133,
          0.9995583889350096,
          -0.026097972004281957,
          0,
          -0.00142042727789461,
          0.026080370257496342,
          0.999658884850347,
          0,
          7.320003509521484,
          -0.005347013473510742,
          0.00014138221740722656,
          1
        ],
        "children": [
          "Bip01-Neck"
        ],
        "jointName": "Bip01-Spine2"
      },
      "Bip01-Neck": {
        "name": "Bip01-Neck",
        "matrix": [
          0.9316657185554504,
          0.36331701278686523,
          0.000000961124897003174,
          0,
          -0.3633170206544488,
          0.9316657387310947,
          -0.00000020489096641541126,
          0,
          -0.0000009698871772365217,
          -0.00000015830309012160743,
          0.9999999403953843,
          0,
          7.135288238525391,
          -1.8605165481567383,
          -0.00000095367431640625,
          1
        ],
        "children": [
          "Bip01-Head",
          "Bip01-L-Clavicle",
          "Bip01-R-Clavicle"
        ],
        "jointName": "Bip01-Neck"
      },
      "Bip01-Head": {
        "name": "Bip01-Head",
        "matrix": [
          0.9749439358711243,
          -0.22238773107528687,
          -0.005309857428073884,
          0,
          0.22178338845301085,
          0.9698924345813574,
          0.10060378132835186,
          0,
          -0.017223054553681342,
          -0.09926067568299847,
          0.9949125616672305,
          0,
          2.4464569091796875,
          -0.0000019073486328125,
          0,
          1
        ],
        "children": [
          "Bip01-HeadNub",
          "Bone11"
        ],
        "jointName": "Bip01-Head"
      },
      "Bip01-HeadNub": {
        "name": "Bip01-HeadNub",
        "matrix": [
          1,
          -0.000000029802322387695312,
          -0.000000007450580596923827,
          0,
          0.000000029802314602256346,
          0.9999998211860652,
          -0.00000032968819141387855,
          0,
          0.00000000745058909012994,
          0.00000032968819119183294,
          0.9999998211860629,
          0,
          9.019569396972656,
          0.00000095367431640625,
          0.0000013113021850585938,
          1
        ]
      },
      "Bone11": {
        "name": "Bone11",
        "matrix": [
          0.23057779669761647,
          0.9730539917945864,
          0.00039728882256895293,
          0,
          0.9730538451123885,
          -0.2305775567912969,
          -0.0005024559795769863,
          0,
          -0.00039731088958109537,
          0.0005024385825741161,
          -0.9999999403779493,
          0,
          3.959442138671875,
          1.7774181365966797,
          -0.00000011920928955078125,
          1
        ],
        "jointName": "Bone11"
      },
      "Bip01-L-Clavicle": {
        "name": "Bip01-L-Clavicle",
        "matrix": [
          0.08101099729537976,
          0.2756411433219909,
          0.9578412771224976,
          0,
          -0.3488186770317528,
          -0.8923869534364332,
          0.28630704855014516,
          0,
          0.9336827004236313,
          -0.3573068084988882,
          0.023855612655625223,
          0,
          -2.3361892700195312,
          1.061370849609375,
          1.1274285316467285,
          1
        ],
        "children": [
          "Bip01-L-UpperArm",
          "Bip01-LUpArmTwist"
        ],
        "jointName": "Bip01-L-Clavicle"
      },
      "Bip01-L-UpperArm": {
        "name": "Bip01-L-UpperArm",
        "matrix": [
          0.38888084888458263,
          -0.21731218695640575,
          -0.8952915072441101,
          0,
          0.18349519296536448,
          0.9705819941907718,
          -0.15588389730300664,
          0,
          0.9028295575299815,
          -0.10366145661973977,
          0.41731661648567653,
          0,
          6.956832408905029,
          0.0000019073486328125,
          0.000003814697265625,
          1
        ],
        "children": [
          "Bip01-L-Forearm"
        ]
      },
      "Bip01-L-Forearm": {
        "name": "Bip01-L-Forearm",
        "matrix": [
          0.9457279443740846,
          -0.324959009885788,
          0.00000026822090148925776,
          0,
          0.32495907428057,
          0.945728131782388,
          0.0000002682209014892402,
          0,
          -0.00000034082488437741796,
          -0.00000016650320243026008,
          0.9999999999999347,
          0,
          10.592082977294922,
          0.000001430511474609375,
          0.0000019073486328125,
          1
        ],
        "children": [
          "Bip01-L-Hand"
        ],
        "jointName": "Bip01-L-Forearm"
      },
      "Bip01-L-Hand": {
        "name": "Bip01-L-Hand",
        "matrix": [
          0.9726952314376831,
          -0.15226596593856814,
          -0.17515453696250916,
          0,
          -0.1537432006732873,
          0.14261096374607693,
          -0.9777655622232448,
          0,
          0.17385938278307062,
          0.9779967621031624,
          0.11530715251574948,
          0,
          9.287908554077148,
          0.0000019073486328125,
          -0.00000762939453125,
          1
        ],
        "children": [
          "Bip01-L-Finger0",
          "Bip01-L-Finger1",
          "Bip01-L-Finger2",
          "Bip01-L-Finger3",
          "Bip01-L-Finger4"
        ],
        "jointName": "Bip01-L-Hand"
      },
      "Bip01-L-Finger0": {
        "name": "Bip01-L-Finger0",
        "matrix": [
          0.8486014604568481,
          0.47790285944938654,
          -0.22690126299858088,
          0,
          0.24877081246913307,
          0.018042586353176692,
          0.9683942499331204,
          0,
          0.46689230720959113,
          -0.8782272624449108,
          -0.10357732647283785,
          0,
          1.6857490539550781,
          1.1524677276611328,
          -2.3031387329101562,
          1
        ],
        "children": [
          "Bip01-L-Finger01"
        ],
        "jointName": "Bip01-L-Finger0"
      },
      "Bip01-L-Finger01": {
        "name": "Bip01-L-Finger01",
        "matrix": [
          0.974705934524536,
          0.22349154949188227,
          0.00000008940696716308595,
          0,
          -0.22349152203493497,
          0.9747058147774724,
          0.0000000819563865661616,
          0,
          -0.00000006882892215152319,
          -0.00000009986506276264413,
          0.9999998807907045,
          0,
          1.227670669555664,
          -0.0000019073486328125,
          0,
          1
        ],
        "children": [
          "Bip01-L-Finger02"
        ],
        "jointName": "Bip01-L-Finger01"
      },
      "Bip01-L-Finger02": {
        "name": "Bip01-L-Finger02",
        "matrix": [
          0.9999999999999999,
          0.000000029802322387695312,
          -0.000000014901161193847656,
          0,
          -0.0000000298023223876953,
          0.9999999999999996,
          0,
          0,
          0.000000014901161193847643,
          0.0000000000000004440892098500622,
          0.9999999999999999,
          0,
          0.9521026611328125,
          0.0000019073486328125,
          0.00000286102294921875,
          1
        ],
        "children": [
          "Bip01-L-Finger0Nub"
        ],
        "jointName": "Bip01-L-Finger02"
      },
      "Bip01-L-Finger0Nub": {
        "name": "Bip01-L-Finger0Nub",
        "matrix": [
          0.9999999999999999,
          0.000000029802322387695303,
          -0.000000014901161193847655,
          0,
          -0.000000029802328271877336,
          1,
          -0.0000003948807716369702,
          0,
          0.000000014901151201839295,
          0.00000039488081915452274,
          1.000000119209308,
          0,
          0.8882255554199219,
          0.0000057220458984375,
          -0.00000286102294921875,
          1
        ]
      },
      "Bip01-L-Finger1": {
        "name": "Bip01-L-Finger1",
        "matrix": [
          0.8933477401733398,
          0.44639390707015997,
          -0.05159521102905275,
          0,
          -0.44192089805632373,
          0.8935505338883446,
          0.07920266806845333,
          0,
          0.08145851762322,
          -0.04795452301970529,
          0.9955221564109686,
          0,
          3.7706527709960938,
          -0.17337608337402344,
          -1.3427467346191406,
          1
        ],
        "children": [
          "Bip01-L-Finger11"
        ],
        "jointName": "Bip01-L-Finger1"
      },
      "Bip01-L-Finger11": {
        "name": "Bip01-L-Finger11",
        "matrix": [
          0.8594834804534912,
          0.5111634135246277,
          -0.00000020861625671386724,
          0,
          -0.5111634814716037,
          0.8594835947013191,
          0.000000029802322387695326,
          0,
          0.00000019453607971783058,
          0.00000008102239690755454,
          0.9999998807907113,
          0,
          1.7271003723144531,
          0.00000286102294921875,
          -0.0000019073486328125,
          1
        ],
        "children": [
          "Bip01-L-Finger12"
        ],
        "jointName": "Bip01-L-Finger11"
      },
      "Bip01-L-Finger12": {
        "name": "Bip01-L-Finger12",
        "matrix": [
          0.9883183240890504,
          0.15240544080734253,
          0.0000002384185791015625,
          0,
          -0.15240542906046356,
          0.9883182479129732,
          -0.000000029802322387694568,
          0,
          -0.00000024017536011910694,
          -0.000000006882101423679213,
          0.9999999999999751,
          0,
          1.0268230438232422,
          -0.000003814697265625,
          -0.00000762939453125,
          1
        ],
        "children": [
          "Bip01-L-Finger1Nub"
        ],
        "jointName": "Bip01-L-Finger12"
      },
      "Bip01-L-Finger1Nub": {
        "name": "Bip01-L-Finger1Nub",
        "matrix": [
          1,
          0.00000005960464477539063,
          0.00000011920928955078122,
          0,
          -0.000000059604548852121615,
          0.9999998807907158,
          -0.0000007450580596923947,
          0,
          -0.00000011920933395970898,
          0.0000007450581414048359,
          1.000000000000016,
          0,
          1.007253646850586,
          -0.000003814697265625,
          0.000003814697265625,
          1
        ]
      },
      "Bip01-L-Finger2": {
        "name": "Bip01-L-Finger2",
        "matrix": [
          0.8901862502098085,
          0.45439952611923207,
          0.033011734485626214,
          0,
          -0.4496402711525816,
          0.8879165968011917,
          -0.09709559189082592,
          0,
          -0.07343184913607104,
          0.07158974708490409,
          0.9947273534607315,
          0,
          3.910472869873047,
          -0.019866943359375,
          -0.2563209533691406,
          1
        ],
        "children": [
          "Bip01-L-Finger21"
        ],
        "jointName": "Bip01-L-Finger2"
      },
      "Bip01-L-Finger21": {
        "name": "Bip01-L-Finger21",
        "matrix": [
          0.8023078441619873,
          0.5969104170799255,
          0.000000029802322387695312,
          0,
          -0.5969103958426684,
          0.8023078156169688,
          0.000000029802322387695303,
          0,
          -0.000000006121320908730215,
          -0.00000004169996275231539,
          1.0000001192092893,
          0,
          2.2772560119628906,
          0.0000057220458984375,
          -0.0000057220458984375,
          1
        ],
        "children": [
          "Bip01-L-Finger22"
        ],
        "jointName": "Bip01-L-Finger21"
      },
      "Bip01-L-Finger22": {
        "name": "Bip01-L-Finger22",
        "matrix": [
          0.9667221307754517,
          0.2558282315731048,
          0.0000001639127731323242,
          0,
          -0.2558282404627146,
          0.9667221643674155,
          0.0000000596046447753911,
          0,
          -0.0000001432096060942561,
          -0.0000000995546776236869,
          1.0000001192092973,
          0,
          1.1479644775390625,
          0.000003814697265625,
          0.00000762939453125,
          1
        ],
        "children": [
          "Bip01-L-Finger2Nub"
        ],
        "jointName": "Bip01-L-Finger22"
      },
      "Bip01-R-Finger3Nub": {
        "name": "Bip01-R-Finger3Nub",
        "matrix": [
          -0.999999761581421,
          -0.0006904304027556677,
          -0.000006496906280517577,
          0,
          0.0006904303848713402,
          -0.9999997614785622,
          0.0000027418136596678917,
          0,
          -0.000006498797763972902,
          0.000002737327345137688,
          0.999999999999972,
          0,
          1.105189323425293,
          0.000003814697265625,
          0.000003814697265625,
          1
        ]
      },
      "Bip01-R-Finger4": {
        "name": "Bip01-R-Finger4",
        "matrix": [
          0.4816000461578368,
          0.876060962677002,
          -0.02405446767807005,
          0,
          -0.8027745011416256,
          0.4519907554232071,
          0.388918168475947,
          0,
          0.3515884703421144,
          -0.16799271765226242,
          0.9209582973376405,
          0,
          3.528169631958008,
          0.32240867614746094,
          -1.776510238647461,
          1
        ],
        "children": [
          "Bip01-R-Finger41"
        ],
        "jointName": "Bip01-R-Finger4"
      },
      "Bip01-R-Finger41": {
        "name": "Bip01-R-Finger41",
        "matrix": [
          0.6805819272994995,
          0.7326722145080566,
          -0.00000002980232238769532,
          0,
          -0.7326721550651456,
          0.6805818720827598,
          0,
          0,
          0.000000020282920076462883,
          0.000000021835331461236865,
          1.000000238418579,
          0,
          1.4410438537597656,
          0,
          -0.0000057220458984375,
          1
        ],
        "children": [
          "Bip01-R-Finger42"
        ],
        "jointName": "Bip01-R-Finger41"
      },
      "Bip01-R-Finger42": {
        "name": "Bip01-R-Finger42",
        "matrix": [
          0.4852264225482943,
          0.874388754367828,
          0.000000011175870895385742,
          0,
          -0.8743884885792993,
          0.48522627505369764,
          -0.00000002980232238769535,
          0,
          -0.00000003148163952180224,
          0.000000004688821082445734,
          1.000000000000001,
          0,
          0.9404659271240234,
          0.00000095367431640625,
          0.0000095367431640625,
          1
        ],
        "children": [
          "Bip01-R-Finger4Nub"
        ],
        "jointName": "Bip01-R-Finger42"
      },
      "Bip01-R-Finger4Nub": {
        "name": "Bip01-R-Finger4Nub",
        "matrix": [
          -0.9999998807907106,
          -0.0006903819739822306,
          -0.000007111579179763794,
          0,
          0.0006903818882983537,
          -0.9999997615917677,
          0.000000476837158203125,
          0,
          -0.000007111905837697416,
          0.0000004719273397328581,
          0.9999999999999999,
          0,
          0.9055919647216797,
          -0.000003814697265625,
          0,
          1
        ]
      },
      "Bone14": {
        "name": "Bone14",
        "matrix": [
          0.3243978321552272,
          -0.003060907125473046,
          0.9459156990051271,
          0,
          -0.22191965523631654,
          0.9718389810252677,
          0.07925121024206923,
          0,
          -0.9195204464289097,
          -0.23562623652825032,
          0.31458322314618287,
          0,
          0.7691059112548828,
          1.5118408203125,
          -6.213228225708008,
          1
        ],
        "children": [
          "dg01"
        ],
        "jointName": "Bone14"
      },
      "dg01": {
        "name": "dg01",
        "matrix": [
          0.9999998807907104,
          -0.000003010034561157226,
          -0.000005856156349182129,
          0,
          0.000003010050540155857,
          1.000000000000273,
          0.000002667307853698445,
          0,
          0.000005856149018546983,
          -0.0000026673254810019476,
          0.999999999999893,
          0,
          45.628944396972656,
          -0.0001392364501953125,
          -0.00026702880859375,
          1
        ]
      },
      "Bip01-RUpArmTwist": {
        "name": "Bip01-RUpArmTwist",
        "matrix": [
          0.523113489151001,
          0.0967201367020607,
          0.8467569947242737,
          0,
          0.3961451890252054,
          0.8520927852048642,
          -0.3420620372950419,
          0,
          -0.7546001095044398,
          0.5143761776591836,
          0.4074261731837873,
          0,
          6.9568352699279785,
          0.00003743171691894531,
          -0.000003814697265625,
          1
        ],
        "children": [
          "Bip01-RUpArmTwist1"
        ],
        "jointName": "Bip01-RUpArmTwist"
      },
      "Bip01-RUpArmTwist1": {
        "name": "Bip01-RUpArmTwist1",
        "matrix": [
          0.9999998807907104,
          0.000006169080734252931,
          0.0000017285346984863283,
          0,
          -0.000006355455248312045,
          0.9892642498019875,
          0.1461373418568485,
          0,
          -0.0000008084446178919466,
          -0.14613734186188243,
          0.9892642498009049,
          0,
          5.296039581298828,
          0.0000324249267578125,
          0.0000095367431640625,
          1
        ],
        "jointName": "Bip01-RUpArmTwist1"
      },
      "Bip01-L-Thigh": {
        "name": "Bip01-L-Thigh",
        "matrix": [
          -0.9744522571563717,
          -0.22409734129905706,
          -0.014950551092624659,
          0,
          -0.21353414631071932,
          0.9037726331108918,
          0.37094195385053425,
          0,
          -0.06961521642006502,
          0.36465772824831777,
          -0.9285358463132938,
          0,
          -3.131359100341797,
          -1.0834577083587646,
          3.8799281120300293,
          1
        ],
        "children": [
          "Bip01-L-Calf"
        ],
        "jointName": "Bip01-L-Thigh"
      },
      "Bip01-R-Finger11": {
        "name": "Bip01-R-Finger11",
        "matrix": [
          0.6686078310012818,
          0.7436152100563047,
          -0.000000029802322387695326,
          0,
          -0.7436152067317577,
          0.6686078280120842,
          0.00000017881393432617272,
          0,
          0.00000015289482617875055,
          -0.00000009739493589636655,
          1.0000000000000049,
          0,
          1.7271080017089844,
          0.00000095367431640625,
          -0.00000762939453125,
          1
        ],
        "children": [
          "Bip01-R-Finger12"
        ],
        "jointName": "Bip01-R-Finger11"
      },
      "Bip01-R-Finger12": {
        "name": "Bip01-R-Finger12",
        "matrix": [
          0.7910556793212891,
          0.6117440462112426,
          -0.000000014901161193847656,
          0,
          -0.6117440239053467,
          0.7910556504771925,
          0.00000008940696716308565,
          0,
          0.00000006648183895478204,
          -0.00000006161020334645208,
          0.9999999999999968,
          0,
          1.0268173217773438,
          -0.000003814697265625,
          0.0000057220458984375,
          1
        ],
        "children": [
          "Bip01-R-Finger1Nub"
        ],
        "jointName": "Bip01-R-Finger12"
      },
      "Bip01-R-Finger1Nub": {
        "name": "Bip01-R-Finger1Nub",
        "matrix": [
          -0.9999998807907109,
          -0.0006903856992720843,
          -0.000006660819053649904,
          0,
          0.0006903856304560514,
          -0.9999997615608942,
          -0.0000020265579223614428,
          0,
          -0.000006659417169539423,
          -0.0000020311558517953874,
          0.9999999403944478,
          0,
          1.0072507858276367,
          0.000003814697265625,
          0.00000762939453125,
          1
        ]
      },
      "Bip01-R-Finger2": {
        "name": "Bip01-R-Finger2",
        "matrix": [
          0.5891979932785035,
          0.8079884052276609,
          0.0007959604263305681,
          0,
          -0.805934240208162,
          0.5876292878333439,
          0.0718451592100864,
          0,
          0.057582330999862236,
          -0.04297251915965312,
          0.997415606031815,
          0,
          3.9104690551757812,
          -0.019855499267578125,
          0.25629425048828125,
          1
        ],
        "children": [
          "Bip01-R-Finger21"
        ],
        "jointName": "Bip01-R-Finger2"
      },
      "Bip01-R-Finger21": {
        "name": "Bip01-R-Finger21",
        "matrix": [
          0.6123410463333132,
          0.7905938029289247,
          -0.000000044703483581542956,
          0,
          -0.79059386063969,
          0.6123410910322145,
          0.00000008940696716308618,
          0,
          0.00000009805837871224967,
          -0.00000001940525706865728,
          1.0000002384185813,
          0,
          2.2772598266601562,
          0.00000476837158203125,
          -0.000003814697265625,
          1
        ],
        "children": [
          "Bip01-R-Finger22"
        ],
        "jointName": "Bip01-R-Finger21"
      },
      "Bip01-R-Finger22": {
        "name": "Bip01-R-Finger22",
        "matrix": [
          0.7635884284973145,
          0.6457032561302185,
          -0.000000037252902984619134,
          0,
          -0.645703231279097,
          0.7635883991091502,
          -0.00000011920928955078043,
          0,
          -0.000000048527956128901066,
          0.00000011508118771213314,
          1.0000002384185722,
          0,
          1.1479682922363281,
          0.0000019073486328125,
          0.00000762939453125,
          1
        ],
        "children": [
          "Bip01-R-Finger2Nub"
        ],
        "jointName": "Bip01-R-Finger22"
      },
      "Bip01-R-Finger2Nub": {
        "name": "Bip01-R-Finger2Nub",
        "matrix": [
          -0.9999996423721312,
          -0.0006904155015949105,
          -0.000006817281246185304,
          0,
          0.0006904155542885471,
          -0.999999701920159,
          -0.0000016987323760988056,
          0,
          -0.000006816107196969718,
          -0.0000017034387290358702,
          0.9999999403954571,
          0,
          1.3300094604492188,
          0.0000057220458984375,
          0.0000133514404296875,
          1
        ]
      },
      "Bip01-R-Finger3": {
        "name": "Bip01-R-Finger3",
        "matrix": [
          0.39230483770370467,
          0.9182344675064089,
          0.054238498210906975,
          0,
          -0.9064183753793549,
          0.3758757047465935,
          0.19267285033654638,
          0,
          0.1565319932437554,
          -0.12474932236595355,
          0.9797629201110796,
          0,
          3.8492555618286133,
          0.1597137451171875,
          -0.8913440704345703,
          1
        ],
        "children": [
          "Bip01-R-Finger31"
        ],
        "jointName": "Bip01-R-Finger3"
      },
      "Bip01-R-Finger31": {
        "name": "Bip01-R-Finger31",
        "matrix": [
          0.5015464425086976,
          0.8651309609413146,
          -0.00000002980232238769531,
          0,
          -0.8651310902545659,
          0.5015465174760793,
          0.00000005960464477539068,
          0,
          0.00000006651303716752155,
          -0.000000004111579569703057,
          1.000000000000001,
          0,
          1.8866195678710938,
          0.00000286102294921875,
          0.0000057220458984375,
          1
        ],
        "children": [
          "Bip01-R-Finger32"
        ],
        "jointName": "Bip01-R-Finger31"
      },
      "Bip01-R-Finger32": {
        "name": "Bip01-R-Finger32",
        "matrix": [
          0.5149598717689516,
          0.8572144508361816,
          0.000000029802322387695312,
          0,
          -0.8572145472573208,
          0.5149599296926338,
          0,
          0,
          -0.000000015346995752729424,
          -0.00000002554697415736455,
          1.0000000000000084,
          0,
          1.1788082122802734,
          0.000003814697265625,
          0.0000019073486328125,
          1
        ],
        "children": [
          "Bip01-R-Finger3Nub"
        ],
        "jointName": "Bip01-R-Finger32"
      },
      "Bip01-L-Calf": {
        "name": "Bip01-L-Calf",
        "matrix": [
          0.8895108699798584,
          -0.4569145143032073,
          0.00000014156103134155276,
          0,
          0.4569145080813556,
          0.8895108578672926,
          -0.000000016763806343078623,
          0,
          -0.00000011826040916328826,
          0.00000007959285082766952,
          1.00000011920929,
          0,
          18.578861236572266,
          -0.0000362396240234375,
          0.0002079010009765625,
          1
        ],
        "children": [
          "Bip01-L-Foot"
        ],
        "jointName": "Bip01-L-Calf"
      },
      "Bip01-L-Foot": {
        "name": "Bip01-L-Foot",
        "matrix": [
          0.9638478755950927,
          0.24993339180946342,
          0.09235906600952147,
          0,
          -0.25525952410199737,
          0.9655239554899959,
          0.051047213510522264,
          0,
          -0.07641649427972899,
          -0.07277728596748093,
          0.9944161799017417,
          0,
          14.034378051757812,
          -0.000034332275390625,
          0.00012731552124023438,
          1
        ],
        "children": [
          "Bip01-L-Toe0"
        ],
        "jointName": "Bip01-L-Foot"
      },
      "Bip01-L-Toe0": {
        "name": "Bip01-L-Toe0",
        "matrix": [
          -0.43788802623748774,
          0.899029731750488,
          -0.0000003813765943050384,
          0,
          -0.8990298163695317,
          -0.43788806745255027,
          0.00000026077032089233097,
          0,
          0.00000006743998771191706,
          0.00000045705696749010285,
          1.000000119209278,
          0,
          4.820722579956055,
          6.6672468185424805,
          0.00007486343383789062,
          1
        ],
        "children": [
          "Bip01-L-Toe0Nub"
        ],
        "jointName": "Bip01-L-Toe0"
      },
      "Bip01-L-Toe0Nub": {
        "name": "Bip01-L-Toe0Nub",
        "matrix": [
          -0.9999997019767765,
          0.0006904006004332824,
          0.0000011036172509193423,
          0,
          -0.0006904006704906886,
          -0.9999998211602988,
          0.000011079013347628536,
          0,
          0.0000011112660112496366,
          0.000011078248110062665,
          1.000000000000253,
          0,
          2.817286491394043,
          -0.0000057220458984375,
          -0.000003337860107421875,
          1
        ]
      },
      "Bip01-R-Thigh": {
        "name": "Bip01-R-Thigh",
        "matrix": [
