{
    "asset": {
      "generator": "tmx:FBX2GLTF",
      "premultipliedAlpha": true,
      "profile": {
        "api": "WebGL",
        "version": "1.0.2"
      },
      "version": "1.0"
    },
    "scene": "test",
    "scenes": {
      "test": {
        "nodes": [
          "RootNode"
        ]
      }
    },
    "nodes": {
      "RootNode": {
        "name": "RootNode",
        "children": [
          "Sky001",
          "Bip01",
          "K_ChangLeBangGaoShou001"
        ]
      },
      "Bip01-Spine1": {
        "name": "Bip01-Spine1",
        "matrix": [
          0.9641724228858948,
          -0.26519721746444697,
          -0.006458641961216918,
          0,
          0.253826263970813,
          0.9293598961986773,
          -0.26807099395193446,
          0,
          0.07709409635211507,
          0.25682732626278326,
          0.9633773498602858,
          0,
          7.107755184173584,
          -0.0054168701171875,
          0.0015637874603271484,
          1
        ],
        "children": [
          "Bip01-Spine2"
        ],
        "jointName": "Bip01-Spine1"
      },
      "Sky001": {
        "name": "Sky001",
        "matrix": [
          2.54,
          0,
          0,
          0,
          0,
          2.5400000000000005,
          -0.00000000000000000000000000000012523166870383563,
          0,
          0,
          0.00000000000000000000000000000012523166870383563,
          2.5400000000000005,
          0,
          0,
          0,
          0,
          1
        ]
      },
      "Bip01": {
        "name": "Bip01",
        "matrix": [
          -0.13445339679717835,
          2.531943472623826,
          -0.15093687921762267,
          0,
          2.5181611477672385,
          0.15136089253761548,
          0.29589788859189403,
          0,
          0.3039538100560652,
          -0.1339759499376259,
          -2.518186119487856,
          0,
          -0.00000000000000010628552742312005,
          110.4511457824707,
          0.0000000000000008805506988380193,
          1
        ],
        "children": [
          "Bip01-Pelvis"
        ]
      },
      "Bip01-Pelvis": {
        "name": "Bip01-Pelvis",
        "matrix": [
          0.00000000000000005551116446619184,
          -0.00000000000000005551116446619184,
          1.0000002384193756,
          0,
          0.9999999999999081,
          0.0000014863906519517255,
          -0.00000000000000016653345369394215,
          0,
          -0.0000014863908292001043,
          1.0000001192100683,
          0,
          0,
          0,
          0,
          -0.0000002384185791015625,
          1
        ],
        "children": [
          "Bip01-Spine",
          "Bone04",
          "Bone15",
          "Bone09",
          "Bone12",
          "Bone01",
          "Bone17"
        ],
        "jointName": "Bip01-Pelvis"
      },
      "Bip01-Spine": {
        "name": "Bip01-Spine",
        "matrix": [
          0.9985300898551941,
          0.05105425044894218,
          -0.01819202862679959,
          0,
          -0.05083456359464731,
          0.9986308805019273,
          0.012341104441180455,
          0,
          0.018797188509125668,
          -0.011398180961358601,
          0.9997583622304548,
          0,
          3.1586008071899414,
          -0.005657196044921875,
          -0.000064849853515625,
          1
        ],
        "children": [
          "Bip01-Spine1",
          "Bip01-L-Thigh",
          "Bip01-R-Thigh"
        ],
        "jointName": "Bip01-Spine"
      },
      "Bip01-L-Finger2Nub": {
        "name": "Bip01-L-Finger2Nub",
        "matrix": [
          0.9999999999999999,
          -0.000006385147571563719,
          -0.000005662441253662109,
          0,
          0.000006385162866658619,
          1.0000001192087224,
          0.0000025667250156404015,
          0,
          0.000005662424864515519,
          -0.00000256676086516524,
          1.0000000000000555,
          0,
          1.3300132751464844,
          -0.00000762939453125,
          -0.00000858306884765625,
          1
        ]
      },
      "Bip01-L-Finger3": {
        "name": "Bip01-L-Finger3",
        "matrix": [
          0.9390431046485902,
          0.32623437047004694,
          0.10848818719387053,
          0,
          -0.30609845260818064,
          0.9370213071045381,
          -0.16821107852362763,
          0,
          -0.1565319323424069,
          0.12474935057803721,
          0.9797629458139668,
          0,
          3.84926700592041,
          0.1596832275390625,
          0.8912925720214844,
          1
        ],
        "children": [
          "Bip01-L-Finger31"
        ],
        "jointName": "Bip01-L-Finger3"
      },
      "Bip01-L-Finger31": {
        "name": "Bip01-L-Finger31",
        "matrix": [
          0.9999998807907104,
          -0.00000005960464477539063,
          -0.00000005960464477539063,
          0,
          0.000000059604641222676476,
          0.9999998807907097,
          -0.000000059604644775390446,
          0,
          0.0000000596046412226757,
          0.000000059604634117248424,
          0.9999997615814178,
          0,
          1.8866219520568848,
          -0.000011444091796875,
          -0.00001430511474609375,
          1
        ],
        "children": [
          "Bip01-L-Finger32"
        ],
        "jointName": "Bip01-L-Finger31"
      },
      "Bip01-L-Finger32": {
        "name": "Bip01-L-Finger32",
        "matrix": [
          0.9999999999999999,
          -0.000000014901161193847653,
          -0.00000011920928955078125,
          0,
          0.00000001490116474656134,
          1.0000000000000002,
          0.000000029802322387695097,
          0,
          0.00000011920930331754586,
          -0.00000002980232771676602,
          1.0000001192092824,
          0,
          1.1788015365600586,
          -0.00000762939453125,
          -0.00001239776611328125,
          1
        ],
        "children": [
          "Bip01-L-Finger3Nub"
        ],
        "jointName": "Bip01-L-Finger32"
      },
      "Bip01-L-Finger3Nub": {
        "name": "Bip01-L-Finger3Nub",
        "matrix": [
          1,
          -0.000005751848220825196,
          -0.000006288290023803711,
          0,
          0.000005751831290370142,
          1.0000001192096342,
          -0.0000028014183044443585,
          0,
          0.0000062883068865533905,
          0.00000280138213516839,
          1.0000001192096462,
          0,
          1.1051874160766602,
          -0.000003814697265625,
          -0.00000476837158203125,
          1
        ]
      },
      "Bip01-L-Finger4": {
        "name": "Bip01-L-Finger4",
        "matrix": [
          0.876405894756317,
          0.40489026904106146,
          0.26072365045547485,
          0,
          -0.3290873446031525,
          0.8988006780731194,
          -0.28958462160033815,
          0,
          -0.3515884641706313,
          0.16799275587211657,
          0.9209581485453182,
          0,
          3.528193473815918,
          0.32238006591796875,
          1.7764644622802734,
          1
        ],
        "children": [
          "Bip01-L-Finger41"
        ],
        "jointName": "Bip01-L-Finger4"
      },
      "Bip01-L-Finger41": {
        "name": "Bip01-L-Finger41",
        "matrix": [
          1.0000002384185789,
          0.00000004470348358154297,
          0.00000002980232238769532,
          0,
          -0.00000004470347914065191,
          1.0000001192092889,
          0.000000029802322387695312,
          0,
          -0.000000029802321055427786,
          -0.000000029802327272675866,
          1.000000238418579,
          0,
          1.4410457611083984,
          -0.00000762939453125,
          -0.00000858306884765625,
          1
        ],
        "children": [
          "Bip01-L-Finger42"
        ],
        "jointName": "Bip01-L-Finger41"
      },
      "Bip01-L-Finger42": {
        "name": "Bip01-L-Finger42",
        "matrix": [
          1.0000001192092896,
          0,
          -0.00000005960464477539063,
          0,
          -0.0000000000000035527132552840687,
          1,
          -0.00000005960464477539047,
          0,
          0.000000059604644775390466,
          0.00000005960465188081788,
          1.0000001192092869,
          0,
          0.9404726028442383,
          -0.0000019073486328125,
          -0.00000667572021484375,
          1
        ],
        "children": [
          "Bip01-L-Finger4Nub"
        ],
        "jointName": "Bip01-L-Finger42"
      },
      "Bip01-L-Finger4Nub": {
        "name": "Bip01-L-Finger4Nub",
        "matrix": [
          1.000000238418579,
          -0.000004336237907409667,
          -0.000007092952728271486,
          0,
          0.000004336214537663824,
          1.000000357627676,
          -0.000003367662429809401,
          0,
          0.000007092965640023238,
          0.000003367630468830651,
          0.9999999999999499,
          0,
          0.9055891036987305,
          -0.0000057220458984375,
          -0.00000476837158203125,
          1
        ]
      },
      "Bip01-LUpArmTwist": {
        "name": "Bip01-LUpArmTwist",
        "matrix": [
          0.18859933316707606,
          0.9778127670288087,
          -0.0911767184734345,
          0,
          -0.43807276588332283,
          0.16686040605038474,
          0.8833176404225582,
          0,
          0.8789328485625885,
          -0.12665105162656204,
          0.45982279908090057,
          0,
          6.956839561462402,
          -0.0000457763671875,
          0.000026702880859375,
          1
        ],
        "children": [
          "Bip01-LUpArmTwist1"
        ],
        "jointName": "Bip01-LUpArmTwist"
      },
      "Bip01-R-Finger11": {
        "name": "Bip01-R-Finger11",
        "matrix": [
          0.3936069607734678,
          0.9192787408828736,
          -0.00000009988434612751008,
          0,
          -0.9192787300993597,
          0.39360695615630836,
          0.00000009685754776000967,
          0,
          0.00000012835425670137752,
          0.00000005369774932119283,
          0.9999998211860645,
          0,
          1.7271060943603516,
          -0.0000019073486328125,
          0,
          1
        ],
        "children": [
          "Bip01-R-Finger12"
        ],
        "jointName": "Bip01-R-Finger11"
      },
      "Bip01-R-Finger12": {
        "name": "Bip01-R-Finger12",
        "matrix": [
          0.6126251816749574,
          0.7903736829757692,
          -0.00000008568167686462406,
          0,
          -0.7903736373676109,
          0.6126251463236785,
          -0.00000016670674085617036,
          0,
          -0.00000007926985713883155,
          0.00000016984925647219226,
          0.9999999403953531,
          0,
          1.026824951171875,
          -0.000003814697265625,
          -0.000001341104507446289,
          1
        ],
        "children": [
          "Bip01-R-Finger1Nub"
        ],
        "jointName": "Bip01-R-Finger12"
      },
      "Bip01-R-Finger1Nub": {
        "name": "Bip01-R-Finger1Nub",
        "matrix": [
          -0.9999997615814207,
          -0.0006903707981109032,
          0.0000001825392246246338,
          0,
          0.0006903707980976123,
          -0.9999997614991292,
          0.00000023841857910155916,
          0,
          0.00000018237460566096304,
          0.00000023854457051841585,
          1.0000001192092756,
          0,
          1.0072526931762695,
          0.000003814697265625,
          0.0000011324882507324219,
          1
        ]
      },
      "Bip01-R-Finger2": {
        "name": "Bip01-R-Finger2",
        "matrix": [
          0.3752297759056094,
          0.926751971244812,
          0.018265143036842346,
          0,
          -0.9251418480973423,
          0.3732083125348267,
          0.06948913640075903,
          0,
          0.05758247362176084,
          -0.04297222834883889,
          0.9974156031046404,
          0,
          3.910459518432617,
          -0.019863128662109375,
          0.25632381439208984,
          1
        ],
        "children": [
          "Bip01-R-Finger21"
        ],
        "jointName": "Bip01-R-Finger2"
      },
      "Bip01-R-Finger21": {
        "name": "Bip01-R-Finger21",
        "matrix": [
          -0.13340193033218348,
          0.9910619258880616,
          -0.00000002235174179077149,
          0,
          -0.9910618206206946,
          -0.13340191616266495,
          0.000000014901161193847693,
          0,
          0.00000001178621174729291,
          0.00000002413980858736616,
          1.0000000000000024,
          0,
          2.2772598266601562,
          -0.00000286102294921875,
          0.0000002384185791015625,
          1
        ],
        "children": [
          "Bip01-R-Finger22"
        ],
        "jointName": "Bip01-R-Finger21"
      },
      "Bip01-R-Finger22": {
        "name": "Bip01-R-Finger22",
        "matrix": [
          0.1502781510353087,
          0.9886438846588136,
          -0.00000007450580596923831,
          0,
          -0.9886439429173762,
          0.15027815989085977,
          -0.00000003539025783538829,
          0,
          -0.000000023791757715431742,
          0.00000007897806692512725,
          0.9999999403953582,
          0,
          1.1479644775390625,
          0,
          0.0000016689300537109375,
          1
        ],
        "children": [
          "Bip01-R-Finger2Nub"
        ],
        "jointName": "Bip01-R-Finger22"
      },
      "Bip01-R-Finger2Nub": {
        "name": "Bip01-R-Finger2Nub",
        "matrix": [
          -0.9999999999999999,
          -0.00000008940696728555085,
          0.00000011920928955078124,
          0,
          0.00000008940695462900804,
          -0.9999999999999962,
          -0.0000001061707735061648,
          0,
          0.00000011920929904318748,
          -0.00000010617076284802508,
          1.0000000000000024,
          0,
          1.3300018310546875,
          0.000003814697265625,
          0.0000007152557373046875,
          1
        ]
      },
      "Bip01-R-Finger3": {
        "name": "Bip01-R-Finger3",
        "matrix": [
          0.4341741800308231,
          0.8996949195861812,
          0.0451885089278221,
          0,
          -0.8871248456108571,
          0.41831425893244767,
          0.19499401695588492,
          0,
          0.15653216715218882,
          -0.12474924700925795,
          0.9797632071772714,
          0,
          3.8492612838745117,
          0.15969467163085938,
          -0.8913161754608154,
          1
        ],
        "children": [
          "Bip01-R-Finger31"
        ],
        "jointName": "Bip01-R-Finger3"
      },
      "Bip01-R-Finger31": {
        "name": "Bip01-R-Finger31",
        "matrix": [
          0.4103699326515199,
          0.9119189977645875,
          0.0000000037252902984619058,
          0,
          -0.9119190473316002,
          0.4103699549570224,
          0.00000006705522537231439,
          0,
          0.00000005962019540493438,
          -0.00000003091461601141943,
          0.9999999403953542,
          0,
          1.886627197265625,
          -0.00000095367431640625,
          0.00000286102294921875,
          1
        ],
        "children": [
          "Bip01-R-Finger32"
        ],
        "jointName": "Bip01-R-Finger31"
      },
      "Bip01-R-Finger32": {
        "name": "Bip01-R-Finger32",
        "matrix": [
          0.6963168978691102,
          0.7177346348762512,
          -0.00000009313225746154785,
          0,
          -0.717734756779625,
          0.6963170161348099,
          0.00000010430812835693313,
          0,
          0.0000001397150930626885,
          -0.000000005787252587920335,
          1.0000001192092849,
          0,
          1.1788082122802734,
          0.0000019073486328125,
          -0.000000476837158203125,
          1
        ],
        "children": [
          "Bip01-R-Finger3Nub"
        ],
        "jointName": "Bip01-R-Finger32"
      },
      "Bip01-LUpArmTwist1": {
        "name": "Bip01-LUpArmTwist1",
        "matrix": [
          1,
          -0.000007331371307373048,
          0.000002443790435791015,
          0,
          0.0000071662581130535015,
          0.9980871081151123,
          0.06182570789531251,
          0,
          -0.000002892382965655116,
          -0.0618257082162863,
          0.9980871136320305,
          0,
          5.296031951904297,
          -0.00004863739013671875,
          0.000011444091796875,
          1
        ],
        "jointName": "Bip01-LUpArmTwist1"
      },
      "Bip01-R-Clavicle": {
        "name": "Bip01-R-Clavicle",
        "matrix": [
          -0.15467128157615653,
          -0.6087966561317442,
          -0.7781031131744383,
          0,
          0.5758403105023145,
          -0.6955220565809883,
          0.42971880955424885,
          0,
          -0.8027986402068442,
          -0.3815976885715328,
          0.45814659430416926,
          0,
          -2.2566890716552734,
          -1.6586799621582031,
          0.0300140380859375,
          1
        ],
        "children": [
          "Bip01-R-UpperArm",
          "Bip01-RUpArmTwist"
        ],
        "jointName": "Bip01-R-Clavicle"
      },
      "Bip01-R-UpperArm": {
        "name": "Bip01-R-UpperArm",
        "matrix": [
          0.7281260490417479,
          0.44486027956008917,
          0.5214703679084779,
          0,
          0.11099858626369882,
          0.6742117755681871,
          -0.730148872225467,
          0,
          -0.676396007288363,
          0.5895231601501084,
          0.4415324987044607,
          0,
          6.956826210021973,
          -0.00000762939453125,
          0.00000476837158203125,
          1
        ],
        "children": [
          "Bip01-R-Forearm"
        ]
      },
      "Bip01-R-Forearm": {
        "name": "Bip01-R-Forearm",
        "matrix": [
          0.8040568232536317,
          -0.5945522785186768,
          -0.000000014901161193847653,
          0,
          0.5945523070129108,
          0.804056861788483,
          -0.000000029802322387695306,
          0,
          0.000000029700422722380313,
          0.000000015103242493916006,
          0.9999999403953549,
          0,
          10.592073440551758,
          -0.0000019073486328125,
          -0.0000019073486328125,
          1
        ],
        "children": [
          "Bip01-R-Hand"
        ],
        "jointName": "Bip01-R-Forearm"
      },
      "Bip01-R-Hand": {
        "name": "Bip01-R-Hand",
        "matrix": [
          -0.1847909390926361,
          0.8234221935272217,
          -0.5364965200424192,
          0,
          -0.18004686167952824,
          0.5082940474392081,
          0.8421520201360129,
          0,
          0.9661446915516827,
          0.2522165878997673,
          0.05432644968297742,
          0,
          9.287906646728516,
          0.0000057220458984375,
          0,
          1
        ],
        "children": [
          "Bip01-R-Finger0",
          "Bip01-R-Finger1",
          "Bip01-R-Finger2",
          "Bip01-R-Finger3",
          "Bip01-R-Finger4",
          "Bone14"
        ],
        "jointName": "Bip01-R-Hand"
      },
      "Bip01-R-Finger0": {
        "name": "Bip01-R-Finger0",
        "matrix": [
          0.6502051353454588,
          0.5769326686859133,
          0.49435034394264227,
          0,
          0.5714252615798358,
          0.05746139807829628,
          -0.8186400641647417,
          0,
          -0.50070617768918,
          0.8147681163076108,
          -0.29231215764180846,
          0,
          1.6857404708862305,
          1.1524734497070312,
          2.303140878677368,
          1
        ],
        "children": [
          "Bip01-R-Finger01"
        ],
        "jointName": "Bip01-R-Finger0"
      },
      "Bip01-R-Finger01": {
        "name": "Bip01-R-Finger01",
        "matrix": [
          0.47004467248916615,
          0.8826427459716797,
          -0.00000004470348358154297,
          0,
          -0.8826427459716818,
          0.4700446724891626,
          -0.00000008940696716308554,
          0,
          -0.000000057901764480548203,
          0.00000008148245689616135,
          0.9999999999999952,
          0,
          1.2276782989501953,
          0,
          -0.0000019073486328125,
          1
        ],
        "children": [
          "Bip01-R-Finger02"
        ],
        "jointName": "Bip01-R-Finger01"
      },
      "Bip01-R-Finger02": {
        "name": "Bip01-R-Finger02",
        "matrix": [
          1.0000001192092893,
          0.000000029802322387695312,
          -0.00000004470348358154296,
          0,
          -0.000000029802315060224227,
          0.9999999403953552,
          0.000000044703483581542896,
          0,
          0.0000000447034769202055,
          -0.000000044703482249275644,
          0.9999999403953537,
          0,
          0.9520950317382812,
          0.000003814697265625,
          0,
          1
        ],
        "children": [
          "Bip01-R-Finger0Nub"
        ],
        "jointName": "Bip01-R-Finger02"
      },
      "Bip01-R-Finger0Nub": {
        "name": "Bip01-R-Finger0Nub",
        "matrix": [
          -1,
          -0.00000008940696728555085,
          -0.000000014901161193847656,
          0,
          0.00000008940697794369253,
          -1.0000001192092967,
          0,
          0,
          -0.000000014901160305669253,
          -0.0000000000000013322675519657198,
          0.9999999403953642,
          0,
          0.8882217407226562,
          -0.0000019073486328125,
          0.000003814697265625,
          1
        ]
      },
      "Bip01-R-Finger1": {
        "name": "Bip01-R-Finger1",
        "matrix": [
          0.6343923807144165,
          0.7700141668319704,
          0.06800700724124906,
          0,
          -0.7388337405235297,
          0.6298630171912732,
          -0.2395775297117849,
          0,
          -0.22731316078010733,
          0.1017402745044997,
          0.9684926186433259,
          0,
          3.770641326904297,
          -0.17337799072265625,
          1.3427510261535645,
          1
        ],
        "children": [
          "Bip01-R-Finger11"
        ],
        "jointName": "Bip01-R-Finger1"
      },
      "Bone02": {
        "name": "Bone02",
        "matrix": [
          0.9968079924583434,
          -0.06514981389045717,
          -0.04614336043596267,
          0,
          0.06657481727081431,
          0.997328932716378,
          0.030047997910454764,
          0,
          0.04406249387141192,
          -0.033024075455849455,
          0.9984829451782856,
          0,
          2.8456592559814453,
          -0.000003814697265625,
          0.000020503997802734375,
          1
        ],
        "children": [
          "Bone03"
        ],
        "jointName": "Bone02"
      },
      "Bone03": {
        "name": "Bone03",
        "matrix": [
          0.9048399925231934,
          -0.4211104214191438,
          -0.06269194185733797,
          0,
          0.4127331620247864,
          0.9037454425661177,
          -0.11355770332122038,
          0,
          0.10447791633390037,
          0.07687652811102967,
          0.9915515143203829,
          0,
          9.341079711914062,
          0.0000438690185546875,
          0.00007152557373046875,
          1
        ],
        "children": [
          "Bone07"
        ],
        "jointName": "Bone03"
      },
      "Bone07": {
        "name": "Bone07",
        "matrix": [
          0.984574317932129,
          -0.16643887758255005,
          -0.05395831167697907,
          0,
          0.1661898089975541,
          0.986051745067515,
          -0.00910198690527089,
          0,
          0.05472061464944439,
          -0.00000573896263444355,
          0.9985017202602611,
          0,
          9.641301155090332,
          -0.0000362396240234375,
          0.000057220458984375,
          1
        ],
        "jointName": "Bone07"
      },
      "Bone17": {
        "name": "Bone17",
        "matrix": [
          -0.6661773324012762,
          -0.396416634321213,
          0.6317135691642762,
          0,
          0.6134427331520118,
          0.1904606063624948,
          0.7664286786457275,
          0,
          -0.42414157996507845,
          0.8980974121657278,
          0.11629835214545689,
          0,
          -1.028491735458374,
          -3.4486045837402344,
          5.991361618041992,
          1
        ],
        "children": [
          "Bone18"
        ],
        "jointName": "Bone17"
      },
      "Bone18": {
        "name": "Bone18",
        "matrix": [
          0.9909273386001587,
          -0.12670320272445673,
          -0.04482990503311157,
          0,
          0.12576043262184752,
          0.9917876781475656,
          -0.02327072618170467,
          0,
          0.04741022721705012,
          0.01742177207501972,
          0.9987238636019965,
          0,
          6.447788238525391,
          0.000003814697265625,
          0.000003814697265625,
          1
        ],
        "jointName": "Bone18"
      },
      "K_ChangLeBangGaoShou001": {
        "name": "K_ChangLeBangGaoShou001",
        "matrix": [
          2.54,
          0,
          0,
          0,
          0,
          0.0000000000000005639932965095795,
          -2.5400000000000005,
          0,
          0,
          2.5400000000000005,
          0.0000000000000005639932965095795,
          0,
          0,
          0,
          0,
          1
        ],
        "skin": "skin_K_ChangLeBangGaoShou001",
        "meshes": [
          "mesh_M_ChangLeBangGaoShou001_a_MI_56",
          "mesh_M_ChangLeBangGaoShou001_b_MI_57",
          "mesh_M_ChangLeBangGaoShou001_c_MI_58",
          "mesh_M_ChangLeBangGaoShou001_wq_MI_59"
        ]
      },
      "Bip01-L-Finger01": {
        "name": "Bip01-L-Finger01",
        "matrix": [
          0.8645358681678772,
          0.5025709867477417,
          -0.00000010430812835693357,
          0,
          -0.5025709975906156,
          0.8645358868200561,
          -0.00000008940696716308672,
          0,
          0.000000045244772322732814,
          0.00000012971776947217045,
          0.9999998807907186,
          0,
          1.2276759147644043,
          -0.0000057220458984375,
          0.000011444091796875,
          1
        ],
        "children": [
          "Bip01-L-Finger02"
        ],
        "jointName": "Bip01-L-Finger01"
      },
      "Bip01-L-Finger02": {
        "name": "Bip01-L-Finger02",
        "matrix": [
          0.9999998807907104,
          -0.00000004470348358154297,
          0,
          0,
          0.00000004470348891061407,
          0.999999999999999,
          -0.00000008940696716308579,
          0,
          0.000000000000003996803365106634,
          0.00000008940696716308555,
          0.9999999999999982,
          0,
          0.9520931243896484,
          -0.00000095367431640625,
          0.000003814697265625,
          1
        ],
        "children": [
          "Bip01-L-Finger0Nub"
        ],
        "jointName": "Bip01-L-Finger02"
      },
      "Bip01-L-Finger0Nub": {
        "name": "Bip01-L-Finger0Nub",
        "matrix": [
          1,
          -0.000003337860107421875,
          0.000008165836334228517,
          0,
          0.0000033378438022429476,
          1.00000000000015,
          0.000001996755599974269,
          0,
          -0.000008165842999023014,
          -0.000001996728343664208,
          0.9999999999993405,
          0,
          0.8882265090942383,
          -0.0000019073486328125,
          0.00000762939453125,
          1
        ]
      },
      "Bip01-L-Finger1": {
        "name": "Bip01-L-Finger1",
        "matrix": [
          0.7422462105751036,
          0.6678118705749512,
          -0.05566045641899108,
          0,
          -0.6535931433186656,
          0.7397677649585074,
          0.15987402178048613,
          0,
          0.1479415827272502,
          -0.08228659513657766,
          0.9855670914992004,
          0,
          3.7706356048583984,
          -0.17340469360351562,
          -1.3427753448486328,
          1
        ],
        "children": [
          "Bip01-L-Finger11"
        ],
        "jointName": "Bip01-L-Finger1"
      },
      "Bip01-L-Finger11": {
        "name": "Bip01-L-Finger11",
        "matrix": [
          0.9353797435760498,
          0.353644847869873,
          0.00000002980232238769532,
          0,
          -0.35364486758662617,
          0.9353797957262591,
          -0.000000044703483581543055,
          0,
          -0.000000043685646926971375,
          0.00000003127529469022184,
          1.000000000000002,
          0,
          1.7271099090576172,
          -0.0000152587890625,
          -0.0000095367431640625,
          1
        ],
        "children": [
          "Bip01-L-Finger12"
        ],
        "jointName": "Bip01-L-Finger11"
      },
      "Bip01-L-Finger12": {
        "name": "Bip01-L-Finger12",
        "matrix": [
          1,
          0,
          0.000000029802322387695312,
          0,
          0.0000000000000017763568394002564,
          1.0000000000000004,
          -0.00000005960464477539082,
          0,
          -0.00000002980231883498174,
          0.000000059604637669963704,
          0.999999880790714,
          0,
          1.0268192291259766,
          -0.000011444091796875,
          -0.00000095367431640625,
          1
        ],
        "children": [
          "Bip01-L-Finger1Nub"
        ],
        "jointName": "Bip01-L-Finger12"
      },
      "Bip01-L-Finger1Nub": {
        "name": "Bip01-L-Finger1Nub",
        "matrix": [
          0.9999999403953552,
          -0.00000776350498199463,
          -0.000004082918167114258,
          0,
          0.00000776351384068403,
          0.9999999999996539,
          0.0000020563602447502464,
          0,
          0.0000040829029323835665,
          -0.0000020563921875608972,
          1.0000001192089343,
          0,
          1.0072555541992188,
          -0.0000133514404296875,
          -0.0000019073486328125,
          1
        ]
      },
      "Bip01-L-Finger2": {
        "name": "Bip01-L-Finger2",
        "matrix": [
          0.9112792015075685,
          0.4103047847747804,
          0.03493228554725647,
          0,
          -0.40774322591712553,
          0.9109354835913372,
          -0.06278622112511868,
          0,
          -0.05758254421396126,
          0.042972373789542016,
          0.99741553658031,
          0,
          3.910463333129883,
          -0.01988983154296875,
          -0.2563486099243164,
          1
        ],
        "children": [
          "Bip01-L-Finger21"
        ],
        "jointName": "Bip01-L-Finger2"
      },
      "Bip01-L-Finger21": {
        "name": "Bip01-L-Finger21",
        "matrix": [
          0.740073561668396,
          0.6725261211395264,
          -0.00000005960464477539062,
          0,
          -0.6725260672222156,
          0.740073502335703,
          -0.00000016391277313232965,
          0,
          -0.0000000661237913950195,
          0.00000016139315808315514,
          1.000000000000033,
          0,
          2.2772645950317383,
          -0.000030517578125,
          -0.0000133514404296875,
          1
        ],
        "children": [
          "Bip01-L-Finger22"
        ],
        "jointName": "Bip01-L-Finger21"
      },
      "Bip01-L-Finger22": {
        "name": "Bip01-L-Finger22",
        "matrix": [
          0.9999999999999999,
          0.000000014901161193847656,
          -0.000000029802322387695312,
          0,
          -0.000000014901160638736144,
          0.9999999999999999,
          0.000000018626451492309577,
          0,
          0.00000002980232621796479,
          -0.000000018626453268666383,
          1.0000001192092898,
          0,
          1.147958755493164,
          -0.0000019073486328125,
          -0.00000762939453125,
          1
        ],
        "children": [
          "Bip01-L-Finger2Nub"
        ],
        "jointName": "Bip01-L-Finger22"
      },
      "Bip01-R-Finger3Nub": {
        "name": "Bip01-R-Finger3Nub",
        "matrix": [
          -0.9999998807907108,
          -0.0006902813911437563,
          0.00000007450580596923828,
          0,
          0.0006902813089209648,
          -0.9999997616637729,
          0.00000011175870895386015,
          0,
          0.00000007442863440196411,
          0.00000011181011229743938,
          1.0000000000000242,
          0,
          1.1051902770996094,
          0,
          -0.000001430511474609375,
          1
        ]
      },
      "Bip01-R-Finger4": {
        "name": "Bip01-R-Finger4",
        "matrix": [
          0.4500880241394043,
          0.8912432789802551,
          -0.055734932422637974,
          0,
          -0.814884729537354,
          0.43544949256667637,
          0.3825531823541268,
          0,
          0.3652176747626417,
          -0.12676505164964164,
          0.9222510746509691,
          0,
          3.5281810760498047,
          0.32239532470703125,
          -1.7764863967895508,
          1
        ],
        "children": [
          "Bip01-R-Finger41"
        ],
        "jointName": "Bip01-R-Finger4"
      },
      "Bip01-R-Finger41": {
        "name": "Bip01-R-Finger41",
        "matrix": [
          0.7703525424003601,
          0.6376181840896605,
          0.00000017881393432617182,
          0,
          -0.6376181305797024,
          0.7703524777511641,
          -0.00000016391277313232432,
          0,
          -0.00000024226354529256184,
          0.000000012255616160060846,
          1.0000000000000004,
          0,
          1.4410438537597656,
          0.00000095367431640625,
          -0.000002384185791015625,
          1
        ],
        "children": [
          "Bip01-R-Finger42"
        ],
        "jointName": "Bip01-R-Finger41"
      },
      "Bip01-R-Finger42": {
        "name": "Bip01-R-Finger42",
        "matrix": [
          0.7703527212142942,
          0.6376182436943056,
          0.0000000026193447411060333,
          0,
          -0.6376180437981251,
          0.770352479705259,
          0.0000001639127731323247,
          0,
          0.00000010249596533313615,
          -0.00000012794080418491677,
          1.000000119209292,
          0,
          0.9404754638671875,
          -0.0000019073486328125,
          0.000000476837158203125,
          1
        ],
        "children": [
          "Bip01-R-Finger4Nub"
        ],
        "jointName": "Bip01-R-Finger42"
      },
      "Bip01-R-Finger4Nub": {
        "name": "Bip01-R-Finger4Nub",
        "matrix": [
          -0.9999999999999996,
          -0.00000009196810436574341,
          -0.00000010646181181073186,
          0,
          0.0000000919680980201249,
          -0.999999999999999,
          0.00000005960464477539032,
          0,
          -0.00000010646181729245663,
          0.00000005960463498429921,
          0.999999999999995,
          0,
          0.9055843353271484,
          0.000003814697265625,
          -0.000001430511474609375,
          1
        ]
      },
      "Bone14": {
        "name": "Bone14",
        "matrix": [
          0.3243982791900633,
          -0.0030608028173446725,
          0.9459159970283508,
          0,
          -0.22192029725120366,
          0.9718390183362617,
          0.0792514032815538,
          0,
          -0.9195204340046574,
          -0.23562692352899164,
          0.3145835780922019,
          0,
          0.7691078186035156,
          1.5118331909179688,
          -6.213183879852295,
          1
        ],
        "children": [
          "dg01"
        ],
        "jointName": "Bone14"
      },
      "dg01": {
        "name": "dg01",
        "matrix": [
          0.9999998807907104,
          -0.00000004470348358154296,
          -0.000000014901161193847656,
          0,
          0.00000004470348446972152,
          1.0000000000000007,
          -0.0000002980232238769589,
          0,
          0.000000014901175404703533,
          0.0000002980232054472616,
          0.9999999403953747,
          0,
          45.62895965576172,
          0,
          -0.00005435943603515625,
          1
        ]
      },
      "Bip01-RUpArmTwist": {
        "name": "Bip01-RUpArmTwist",
        "matrix": [
          0.7281261086463929,
          0.4448603987693786,
          0.5214704275131224,
          0,
          -0.018215196383498177,
          0.7730680115841954,
          -0.6340616196110734,
          0,
          -0.6852009733845603,
          0.45217810836917455,
          0.5709941908064067,
          0,
          6.956826210021973,
          -0.00000762939453125,
          0.00000476837158203125,
          1
        ],
        "children": [
          "Bip01-RUpArmTwist1"
        ],
        "jointName": "Bip01-RUpArmTwist"
      },
      "Bip01-RUpArmTwist1": {
        "name": "Bip01-RUpArmTwist1",
        "matrix": [
          0.9999999403953552,
          -0.00000014901161193847662,
          0.000000003725290298461916,
          0,
          0.00000014869705686352538,
          0.9955271481781864,
          -0.09447395873798319,
          0,
          0.0000000103690924321467,
          0.09447398209257885,
          0.9955273942791847,
          0,
          5.296039581298828,
          -0.000003814697265625,
          -0.00000762939453125,
          1
        ],
        "jointName": "Bip01-RUpArmTwist1"
      },
      "Bip01-L-Thigh": {
        "name": "Bip01-L-Thigh",
        "matrix": [
          -0.867870628833771,
          -0.25180882215499834,
          0.4282440543174744,
          0,
          -0.10813134301330286,
          0.9371027308140195,
          0.33188252538248014,
          0,
          -0.4848794948231119,
          0.24172442858580045,
          -0.8405121444269107,
          0,
          -3.2274909019470215,
          0.21629714965820312,
          3.997194528579712,
          1
        ],
        "children": [
          "Bip01-L-Calf"
        ],
        "jointName": "Bip01-L-Thigh"
      },
      "Bip01-L-Calf": {
        "name": "Bip01-L-Calf",
        "matrix": [
          0.48432603478431724,
          -0.8748874068260193,
          -0.00000002980232238769532,
          0,
          0.8748874650772603,
          0.4843260670314303,
          -0.00000001490116119384766,
          0,
          0.00000002747089003121329,
          -0.000000018856664950117575,
          1.00000011920929,
          0,
          18.578845977783203,
          0.000003814697265625,
          0.00001430511474609375,
          1
        ],
        "children": [
          "Bip01-L-Foot"
        ],
        "jointName": "Bip01-L-Calf"
      },
      "Bip01-L-Foot": {
        "name": "Bip01-L-Foot",
        "matrix": [
          0.7941018342971801,
          -0.5474217534065249,
          -0.2640673816204072,
          0,
          0.602281051154807,
          0.7670946894396788,
          0.2209593900031091,
          0,
          0.08160671611329762,
          -0.33450706465129887,
          0.9388531264009142,
          0,
          14.034366607666016,
          0.0000019073486328125,
          0.000002384185791015625,
          1
        ],
        "children": [
          "Bip01-L-Toe0"
        ],
        "jointName": "Bip01-L-Foot"
      },
      "Bip01-L-Toe0": {
        "name": "Bip01-L-Toe0",
        "matrix": [
          0.2526102364063262,
          0.9675682783126832,
          0.000000009313225746154777,
          0,
          -0.967568166710367,
          0.25261020726947964,
          0.00000010617077350616442,
          0,
          0.0000001003748316494938,
          -0.00000003583099603443525,
          0.9999999403953539,
          0,
          4.820716857910156,
          6.667255401611328,
          0.000006198883056640625,
          1
        ],
        "children": [
          "Bip01-L-Toe0Nub"
        ],
        "jointName": "Bip01-L-Toe0"
      },
