{
    "asset": {
      "generator": "tmx:FBX2GLTF",
      "premultipliedAlpha": true,
      "profile": {
        "api": "WebGL",
        "version": "1.0.2"
      },
      "version": "1.0"
    },
    "scene": "test",
    "scenes": {
      "test": {
        "nodes": [
          "RootNode"
        ]
      }
    },
    "nodes": {
      "RootNode": {
        "name": "RootNode",
        "children": [
          "Sky001",
          "Bip01",
          "K_ChangLeBangGaoShou001"
        ]
      },
      "Bip01-Spine1": {
        "name": "Bip01-Spine1",
        "matrix": [
          0.9839885234832765,
          0.1775762438774109,
          0.015284050256013872,
          0,
          -0.1774633688198812,
          0.9840912843546874,
          -0.008460823446231216,
          0,
          -0.016543337310403274,
          0.00561299256740266,
          0.999847531285457,
          0,
          7.110267639160156,
          -0.005736351013183594,
          0.000049114227294921875,
          1
        ],
        "children": [
          "Bip01-Spine2"
        ],
        "jointName": "Bip01-Spine1"
      },
      "Bip01-Pelvis": {
        "name": "Bip01-Pelvis",
        "matrix": [
          0.0000000000000003330669073878637,
          0,
          1.0000000000009508,
          0,
          1.000000238418524,
          0.0000015862880973820526,
          -0.0000000000000002220446578648577,
          0,
          -0.0000015862879081722646,
          1.0000001192101589,
          0.00000000000000011102231569764167,
          0,
          0,
          -0.000000476837158203125,
          0,
          1
        ],
        "children": [
          "Bip01-Spine",
          "Bone04",
          "Bone15",
          "Bone09",
          "Bone12",
          "Bone01",
          "Bone17"
        ],
        "jointName": "Bip01-Pelvis"
      },
      "Sky001": {
        "name": "Sky001",
        "matrix": [
          2.54,
          0,
          0,
          0,
          0,
          2.5400000000000005,
          -0.00000000000000000000000000000012523166870383563,
          0,
          0,
          0.00000000000000000000000000000012523166870383563,
          2.5400000000000005,
          0,
          0,
          0,
          0,
          1
        ]
      },
      "Bip01": {
        "name": "Bip01",
        "matrix": [
          -0.3594498831033719,
          -0.01529477465897855,
          2.514390189647676,
          0,
          2.514428047292591,
          -0.008957450650502225,
          0.3594008078788157,
          0,
          0.006702985213451732,
          2.5399385332691926,
          0.016408421785645264,
          0,
          -11.376369552612305,
          77.29979236602783,
          0.46981507301330566,
          1
        ],
        "children": [
          "Bip01-Pelvis"
        ]
      },
      "Bip01-Spine": {
        "name": "Bip01-Spine",
        "matrix": [
          0.9564453959465027,
          0.28745436668395985,
          -0.05081990733742712,
          0,
          -0.28184262875523164,
          0.9546820493183099,
          0.09564045807221432,
          0,
          0.0760090938593474,
          -0.07715163238231174,
          0.9941177954399835,
          0,
          3.159912109375,
          -0.0054035186767578125,
          -0.0005350112915039062,
          1
        ],
        "children": [
          "Bip01-Spine1",
          "Bip01-L-Thigh",
          "Bip01-R-Thigh"
        ],
        "jointName": "Bip01-Spine"
      },
      "Bip01-L-Finger2Nub": {
        "name": "Bip01-L-Finger2Nub",
        "matrix": [
          1.000000238418579,
          0,
          0.00000002980232238769531,
          0,
          0.000000000000018429697814795308,
          1.0000001192092896,
          -0.0000006183981895446803,
          0,
          -0.00000002980231528226977,
          0.0000006183981158258833,
          1.0000000000000042,
          0,
          1.330002784729004,
          -0.0000019073486328125,
          0,
          1
        ]
      },
      "Bip01-L-Finger3": {
        "name": "Bip01-L-Finger3",
        "matrix": [
          0.9390429258346558,
          0.32623425126075745,
          0.10848844051361083,
          0,
          -0.30609833424492494,
          0.937021258631122,
          -0.1682110394072668,
          0,
          -0.15653215948636562,
          0.12474924126333566,
          0.9797628319587326,
          0,
          3.8492584228515625,
          0.159698486328125,
          0.8913078308105469,
          1
        ],
        "children": [
          "Bip01-L-Finger31"
        ],
        "jointName": "Bip01-L-Finger3"
      },
      "Bip01-L-Finger31": {
        "name": "Bip01-L-Finger31",
        "matrix": [
          0.9999998211860657,
          0.000000022351741790771478,
          -0.000000029802322387695312,
          0,
          -0.00000002235174312303935,
          0.9999998807907104,
          0,
          0,
          0.000000029802320611338136,
          0.0000000000000006661338941844395,
          0.9999997615814209,
          0,
          1.8866233825683594,
          -0.00000286102294921875,
          0.00000762939453125,
          1
        ],
        "children": [
          "Bip01-L-Finger32"
        ],
        "jointName": "Bip01-L-Finger31"
      },
      "Bip01-L-Finger32": {
        "name": "Bip01-L-Finger32",
        "matrix": [
          0.9999998807907104,
          0.0000000074505805969238265,
          0,
          0,
          -0.000000007450581041013091,
          0.9999999403953554,
          -0.000000029802322387695326,
          0,
          -0.0000000000000002220446313948142,
          0.00000002980232238769533,
          0.9999999403953557,
          0,
          1.1788053512573242,
          0.00000286102294921875,
          -0.000003814697265625,
          1
        ],
        "children": [
          "Bip01-L-Finger3Nub"
        ],
        "jointName": "Bip01-L-Finger32"
      },
      "Bip01-L-Finger3Nub": {
        "name": "Bip01-L-Finger3Nub",
        "matrix": [
          0.9999998807907104,
          0.000000022351741790771478,
          0,
          0,
          -0.00000002235174179077148,
          0.9999998807907104,
          -0.000000700354576110841,
          0,
          -0.00000000000001565414837945434,
          0.0000007003546595996232,
          1.0000000000000016,
          0,
          1.1051912307739258,
          0,
          0.00000762939453125,
          1
        ]
      },
      "Bip01-L-Finger4": {
        "name": "Bip01-L-Finger4",
        "matrix": [
          0.8764060139656067,
          0.40489026904106135,
          0.26072362065315247,
          0,
          -0.3290871737145233,
          0.898800362314726,
          -0.28958458830971073,
          0,
          -0.3515884512561721,
          0.1679928679841179,
          0.9209581970562072,
          0,
          3.5281782150268555,
          0.32239532470703125,
          1.7764816284179688,
          1
        ],
        "children": [
          "Bip01-L-Finger41"
        ],
        "jointName": "Bip01-L-Finger4"
      },
      "Bip01-L-Finger41": {
        "name": "Bip01-L-Finger41",
        "matrix": [
          0.9999999403953552,
          0.000000029802322387695312,
          -0.00000005960464477539061,
          0,
          -0.00000002980232327587378,
          0.9999999999999997,
          0.000000014901161193847648,
          0,
          0.000000059604634561338,
          -0.00000001490115586477738,
          0.9999997615814205,
          0,
          1.4410476684570312,
          0.0000019073486328125,
          0.000003814697265625,
          1
        ],
        "children": [
          "Bip01-L-Finger42"
        ],
        "jointName": "Bip01-L-Finger41"
      },
      "Bip01-L-Finger42": {
        "name": "Bip01-L-Finger42",
        "matrix": [
          1,
          0,
          0.00000005960464477539063,
          0,
          0,
          0.9999999403953552,
          0,
          0,
          -0.00000005960464477539057,
          0,
          0.9999999999999991,
          0,
          0.9404792785644531,
          0,
          0.00000762939453125,
          1
        ],
        "children": [
          "Bip01-L-Finger4Nub"
        ],
        "jointName": "Bip01-L-Finger42"
      },
      "Bip01-L-Finger4Nub": {
        "name": "Bip01-L-Finger4Nub",
        "matrix": [
          0.9999999403953552,
          -0.000000014901161193847655,
          -0.000000029802322387695312,
          0,
          0.000000014901141653921283,
          0.9999999403953569,
          -0.0000006556510925292845,
          0,
          0.00000002980233393401547,
          0.0000006556511311650349,
          0.9999999999999809,
          0,
          0.9055843353271484,
          -0.0000019073486328125,
          -0.000003814697265625,
          1
        ]
      },
      "Bip01-LUpArmTwist": {
        "name": "Bip01-LUpArmTwist",
        "matrix": [
          0.7275558114051818,
          0.1401955485343933,
          -0.6715709567070007,
          0,
          -0.15676788865738825,
          0.9869714831125916,
          0.036201118862525576,
          0,
          0.6678968473974219,
          0.07894245356936157,
          0.7400552515865236,
          0,
          6.956830978393555,
          0,
          0.000011444091796875,
          1
        ],
        "children": [
          "Bip01-LUpArmTwist1"
        ],
        "jointName": "Bip01-LUpArmTwist"
      },
      "Bip01-R-Finger3Nub": {
        "name": "Bip01-R-Finger3Nub",
        "matrix": [
          -0.999999701976776,
          -0.0006903111934661413,
          -0.000002558343112468719,
          0,
          0.000690311150018483,
          -0.999999642433884,
          0.0000009164214134214897,
          0,
          -0.000002558974966806903,
          0.000000914655142272885,
          0.9999998807905566,
          0,
          1.1051902770996094,
          0,
          0.000003814697265625,
          1
        ]
      },
      "Bip01-R-Finger4": {
        "name": "Bip01-R-Finger4",
        "matrix": [
          0.8764055967330934,
          0.40489017963409424,
          -0.2607236802577973,
          0,
          -0.3290873434901988,
          0.8988004996764972,
          0.28958438315131346,
          0,
          0.35158849532431136,
          -0.1679925338859913,
          0.9209581484485312,
          0,
          3.5281848907470703,
          0.3224067687988281,
          -1.7764787673950195,
          1
        ],
        "children": [
          "Bip01-R-Finger41"
        ],
        "jointName": "Bip01-R-Finger4"
      },
      "Bip01-R-Finger41": {
        "name": "Bip01-R-Finger41",
        "matrix": [
          1.0000001192092896,
          0.000000029802322387695312,
          -0.000000029802322387695312,
          0,
          -0.0000000298023223876953,
          1.000000119209289,
          0,
          0,
          0.00000002980232238769528,
          0.0000000000000008881783138210185,
          1.0000001192092893,
          0,
          1.4410419464111328,
          0.000003814697265625,
          0.000003814697265625,
          1
        ],
        "children": [
          "Bip01-R-Finger42"
        ],
        "jointName": "Bip01-R-Finger41"
      },
      "Bip01-R-Finger42": {
        "name": "Bip01-R-Finger42",
        "matrix": [
          0.9999998807907104,
          0,
          -0.000000007450580596923828,
          0,
          0.00000000000000002775557892435176,
          1.0000000000000004,
          0.000000003725290298461914,
          0,
          0.00000000745058237328088,
          -0.000000003725290742551122,
          1.0000001192092896,
          0,
          0.9404754638671875,
          0.000003814697265625,
          0.000000476837158203125,
          1
        ],
        "children": [
          "Bip01-R-Finger4Nub"
        ],
        "jointName": "Bip01-R-Finger42"
      },
      "Bip01-R-Finger4Nub": {
        "name": "Bip01-R-Finger4Nub",
        "matrix": [
          -0.9999998807907101,
          -0.000690400600433275,
          -0.000002235174179077148,
          0,
          0.0006904005150027598,
          -0.9999997615609044,
          0.0000013932585716250062,
          0,
          -0.000002236135819704921,
          0.0000013917154063218072,
          1.0000002384187585,
          0,
          0.9055824279785156,
          -0.0000019073486328125,
          0.00000095367431640625,
          1
        ]
      },
      "Bone14": {
        "name": "Bone14",
        "matrix": [
          0.3243978023529048,
          -0.0030606985092163446,
          0.9459158182144167,
          0,
          -0.22192008614780198,
          0.9718389298624404,
          0.07925112654279548,
          0,
          -0.9195203927974843,
          -0.23562661434896687,
          0.314583186880867,
          0,
          0.7691659927368164,
          1.5118293762207031,
          -6.213228225708008,
          1
        ],
        "children": [
          "dg01"
        ],
        "jointName": "Bone14"
      },
      "dg01": {
        "name": "dg01",
        "matrix": [
          0.9999998807907104,
          0.000001005828380584717,
          0.0000029951333999633793,
          0,
          -0.0000010058336177293706,
          0.999999940395333,
          0.0000017285346984860105,
          0,
          -0.000002995132018397998,
          -0.000001728537814119087,
          0.999999999999816,
          0,
          45.62897491455078,
          0.00005340576171875,
          0.0001354217529296875,
          1
        ]
      },
      "Bip01-RUpArmTwist": {
        "name": "Bip01-RUpArmTwist",
        "matrix": [
          0.7167174220085144,
          0.1573276072740554,
          0.6793853044509887,
          0,
          0.0008239826123011603,
          0.9740274439620243,
          -0.22642816802725713,
          0,
          -0.6973633293167142,
          0.16284481357019037,
          0.6979727992473392,
          0,
          6.956834316253662,
          -0.00001621246337890625,
          0.000003814697265625,
          1
        ],
        "children": [
          "Bip01-RUpArmTwist1"
        ],
        "jointName": "Bip01-RUpArmTwist"
      },
      "Bip01-RUpArmTwist1": {
        "name": "Bip01-RUpArmTwist1",
        "matrix": [
          1,
          -0.0000031292438507080074,
          0.0000006854534149169922,
          0,
          0.0000031052184849831317,
          0.9994677305210616,
          0.03262040022617158,
          0,
          -0.0000007871656627704759,
          -0.03262039636885419,
          0.9994676124103119,
          0,
          5.296037673950195,
          -0.0000171661376953125,
          0,
          1
        ],
        "jointName": "Bip01-RUpArmTwist1"
      },
      "Bip01-L-Thigh": {
        "name": "Bip01-L-Thigh",
        "matrix": [
          -0.9333195686340335,
          -0.13171060383319871,
          0.33401644229888916,
          0,
          0.13524805944008622,
          0.7327951927588605,
          0.6668730326162358,
          0,
          -0.33259989688457153,
          0.6675807345238247,
          -0.6661184973564669,
          0,
          -3.2269649505615234,
          1.2838821411132812,
          3.79361629486084,
          1
        ],
        "children": [
          "Bip01-L-Calf"
        ],
        "jointName": "Bip01-L-Thigh"
      },
      "Bip01-Spine2": {
        "name": "Bip01-Spine2",
        "matrix": [
          0.9943758249282837,
          -0.01692995429039001,
          0.10454717278480531,
          0,
          0.017287232017386096,
          0.9998474114646475,
          -0.0025121159908769266,
          0,
          -0.10448868649830297,
          0.004305318496024764,
          0.9945167325737333,
          0,
          7.319847106933594,
          -0.0053462982177734375,
          0.000013113021850585938,
          1
        ],
        "children": [
          "Bip01-Neck"
        ],
        "jointName": "Bip01-Spine2"
      },
      "Bip01-Neck": {
        "name": "Bip01-Neck",
        "matrix": [
          0.9519358873367311,
          0.29062691330909735,
          -0.09671801328659056,
          0,
          -0.26458816002373653,
          0.9393149648322624,
          0.2183589514052101,
          0,
          0.15430960493298304,
          -0.18227320969330918,
          0.9710636849627342,
          0,
          7.1350860595703125,
          -1.8605365753173828,
          -0.0004286766052246094,
          1
        ],
        "children": [
          "Bip01-Head",
          "Bip01-L-Clavicle",
          "Bip01-R-Clavicle"
        ],
        "jointName": "Bip01-Neck"
      },
      "Bip01-Head": {
        "name": "Bip01-Head",
        "matrix": [
          0.9855245351791382,
          -0.1506040394306183,
          0.07784657925367354,
          0,
          0.15443010396046178,
          0.9869469887337149,
          -0.04568541418536233,
          0,
          -0.06995002672934972,
          0.05704594185208397,
          0.9959180942507518,
          0,
          2.446460723876953,
          0,
          -0.000000476837158203125,
          1
        ],
        "children": [
          "Bip01-HeadNub",
          "Bone11"
        ],
        "jointName": "Bip01-Head"
      },
      "Bip01-HeadNub": {
        "name": "Bip01-HeadNub",
        "matrix": [
          1,
          0.00000005960464477539063,
          0.0000000000000000000000000000001972152263052533,
          0,
          -0.00000005960465898624534,
          1.000000238418579,
          -0.00000004097819328308106,
          0,
          -0.0000000000000024424900718403245,
          0.00000004097818351312064,
          1.0000000000000002,
          0,
          9.019599914550781,
          0.0000019073486328125,
          0.000001430511474609375,
          1
        ]
      },
      "Bone11": {
        "name": "Bone11",
        "matrix": [
          0.23057717084884677,
          0.9730539321899413,
          0.000322837382555008,
          0,
          0.9730541252149649,
          -0.23057708107457364,
          -0.0004084482788998795,
          0,
          -0.0003230033559761204,
          0.0004083171629949084,
          -1.000000119199864,
          0,
          3.7397384643554688,
          1.1597175598144531,
          0.678196907043457,
          1
        ],
        "jointName": "Bone11"
      },
      "Bip01-L-Clavicle": {
        "name": "Bip01-L-Clavicle",
        "matrix": [
          -0.20331080257892648,
          0.26337373256683366,
          0.9430267810821533,
          0,
          -0.2929356192141848,
          -0.9353885104153266,
          0.19808534740388364,
          0,
          0.9342663124342682,
          -0.23597309636658298,
          0.26732596998952385,
          0,
          -2.5071983337402344,
          1.0557193756103516,
          0.6743478775024414,
          1
        ],
        "children": [
          "Bip01-L-UpperArm",
          "Bip01-LUpArmTwist"
        ],
        "jointName": "Bip01-L-Clavicle"
      },
      "Bip01-L-UpperArm": {
        "name": "Bip01-L-UpperArm",
        "matrix": [
          0.7275558710098268,
          0.1401956975460053,
          -0.6715708374977112,
          0,
          -0.18718667729371177,
          0.9823214716424225,
          0.002275974187862565,
          0,
          0.6600177150594866,
          0.12405324906284229,
          0.7409367226267175,
          0,
          6.956830978393555,
          0,
          0.000011444091796875,
          1
        ],
        "children": [
          "Bip01-L-Forearm"
        ]
      },
      "Bip01-L-Forearm": {
        "name": "Bip01-L-Forearm",
        "matrix": [
          0.0865430235862733,
          -0.996248185634613,
          0,
          0,
          0.9962483065205677,
          0.08654303408750796,
          -0.00000005960464477539062,
          0,
          0.00000005938100355690269,
          0.000000005158364818630038,
          1,
          0,
          10.592086791992188,
          0.00000762939453125,
          -0.00000762939453125,
          1
        ],
        "children": [
          "Bip01-L-Hand"
        ],
        "jointName": "Bip01-L-Forearm"
      },
      "Bip01-L-Hand": {
        "name": "Bip01-L-Hand",
        "matrix": [
          0.9670119881629945,
          -0.22854626178741452,
          -0.11249282956123353,
          0,
          -0.21346721593345203,
          -0.48609473563409034,
          -0.8474337658279133,
          0,
          0.13899561851655473,
          0.8434919687376619,
          -0.5188464644610062,
          0,
          9.287910461425781,
          0.000003814697265625,
          0,
          1
        ],
        "children": [
          "Bip01-L-Finger0",
          "Bip01-L-Finger1",
          "Bip01-L-Finger2",
          "Bip01-L-Finger3",
          "Bip01-L-Finger4"
        ],
        "jointName": "Bip01-L-Hand"
      },
      "Bip01-L-Finger0": {
        "name": "Bip01-L-Finger0",
        "matrix": [
          0.7472920417785645,
          0.5772967338562011,
          -0.32906404137611406,
          0,
          0.43686160329482926,
          -0.053677909396404065,
          0.8979258763444009,
          0,
          0.5007061094688149,
          -0.8147681493500522,
          -0.29231179496744814,
          0,
          1.685739517211914,
          1.1524696350097656,
          -2.3031463623046875,
          1
        ],
        "children": [
          "Bip01-L-Finger01"
        ],
        "jointName": "Bip01-L-Finger0"
      },
      "Bone02": {
        "name": "Bone02",
        "matrix": [
          0.9977419376373291,
          -0.04925733804702759,
          -0.04565918073058129,
          0,
          0.050690461302659154,
          0.9982401168348293,
          0.030779093499293413,
          0,
          0.04406273395004153,
          -0.03302408051060084,
          0.9984830020346945,
          0,
          2.8456592559814453,
          -0.0000057220458984375,
          0.000028133392333984375,
          1
        ],
        "children": [
          "Bone03"
        ],
        "jointName": "Bone02"
      },
      "Bone03": {
        "name": "Bone03",
        "matrix": [
          0.9887500405311584,
          -0.14433547854423529,
          -0.03925403207540514,
          0,
          0.14271331292292164,
          0.9888978083786087,
          -0.04140324906433233,
          0,
          0.044794174439142104,
          0.035335383640967284,
          0.9983711280822327,
          0,
          9.341073989868164,
          0.000041961669921875,
          0.000102996826171875,
          1
        ],
        "children": [
          "Bone07"
        ],
        "jointName": "Bone03"
      },
      "Bone07": {
        "name": "Bone07",
        "matrix": [
          0.9914728403091432,
          -0.1184462308883667,
          -0.05433176085352898,
          0,
          0.11826908391921545,
          0.9929603589063426,
          -0.006475537960561634,
          0,
          0.05471630168754826,
          -0.000005447570957549703,
          0.9985020076169528,
          0,
          9.641303062438965,
          -0.0000438690185546875,
          0.00010013580322265625,
          1
        ],
        "jointName": "Bone07"
      },
      "Bone17": {
        "name": "Bone17",
        "matrix": [
          -0.6761164665222168,
          -0.5540116429328917,
          0.4857335984706879,
          0,
          0.5087141828686441,
          0.1258831833411265,
          0.8516824578612899,
          0,
          -0.5329878568297227,
          0.8229363632077373,
          0.19672194892802433,
          0,
          -1.0349788665771484,
          -3.8382222652435303,
          5.748383522033691,
          1
        ],
        "children": [
          "Bone18"
        ],
        "jointName": "Bone17"
      },
      "Bone18": {
        "name": "Bone18",
        "matrix": [
          0.9837672114372253,
          0.02861103415489197,
          -0.17715382575988767,
          0,
          -0.030993051300576224,
          0.9994624823266944,
          -0.01069292421651725,
          0,
          0.1767526508784788,
          0.01600988440381768,
          0.9841250736219074,
          0,
          6.447765350341797,
          0.0000152587890625,
          0.000003814697265625,
          1
        ],
        "jointName": "Bone18"
      },
      "K_ChangLeBangGaoShou001": {
        "name": "K_ChangLeBangGaoShou001",
        "matrix": [
          2.54,
          0,
          0,
          0,
          0,
          0.0000000000000005639932965095795,
          -2.5400000000000005,
          0,
          0,
          2.5400000000000005,
          0.0000000000000005639932965095795,
          0,
          0,
          0,
          0,
          1
        ],
        "skin": "skin_K_ChangLeBangGaoShou001",
        "meshes": [
          "mesh_M_ChangLeBangGaoShou001_a_MI_112",
          "mesh_M_ChangLeBangGaoShou001_b_MI_113",
          "mesh_M_ChangLeBangGaoShou001_c_MI_114",
          "mesh_M_ChangLeBangGaoShou001_wq_MI_115"
        ]
      },
      "Bone05": {
        "name": "Bone05",
        "matrix": [
          0.9975664615631105,
          -0.06803774833679199,
          -0.015219986438751217,
          0,
          0.06803722613652542,
          0.9976826300445721,
          -0.0005535334352900995,
          0,
          0.01522238090724294,
          -0.00048333938428108764,
          0.9998840697286328,
          0,
          5.460593223571777,
          0,
          -0.000011444091796875,
          1
        ],
        "children": [
          "Bone06"
        ],
        "jointName": "Bone05"
      },
      "Bone06": {
        "name": "Bone06",
        "matrix": [
          0.9976221919059753,
          -0.03188663721084595,
          -0.061101160943508134,
          0,
          0.03200683465532953,
          0.9994872220455499,
          0.0009892135868775128,
          0,
          0.06103828284990938,
          -0.002942515986141638,
          0.9981311570008793,
          0,
          6.382326126098633,
          0.0000133514404296875,
          -0.000011444091796875,
          1
        ],
        "children": [
          "Bone08"
        ],
        "jointName": "Bone06"
      },
      "Bone08": {
        "name": "Bone08",
        "matrix": [
          0.997520387172699,
          -0.0668264925479889,
          -0.022072285413742062,
          0,
          0.06682988472504221,
          0.9977642301286433,
          -0.0005849599834682425,
          0,
          0.022062031386879417,
          -0.000891578930149799,
          0.9997563356012549,
          0,
          9.478602409362793,
          -0.000011444091796875,
          -0.000019073486328125,
          1
        ],
        "jointName": "Bone08"
      },
      "Bone15": {
        "name": "Bone15",
        "matrix": [
          -0.7429804205894471,
          0.40482938289642295,
          0.5330043435096741,
          0,
          0.48268630821617164,
          -0.22759543051169404,
          0.8457037910932749,
          0,
          0.46367490440849746,
          0.8856148895999612,
          -0.026306640681596005,
          0,
          -1.4192962646484375,
          4.4546051025390625,
          6.016578674316406,
          1
        ],
        "children": [
          "Bone16"
        ],
        "jointName": "Bone15"
      },
      "Bone16": {
        "name": "Bone16",
        "matrix": [
          0.9999493360519409,
          0.008118808269500732,
          -0.00596943497657776,
          0,
          -0.0081560257565352,
          0.9999471312120554,
          -0.006237357851794428,
          0,
          0.005918479819183197,
          0.006285729081781592,
          0.9999627466082511,
          0,
          7.167563438415527,
          0.000003814697265625,
          -0.0000019073486328125,
          1
        ],
        "jointName": "Bone16"
      },
      "Bone09": {
        "name": "Bone09",
        "matrix": [
          -0.6759176850318905,
          0.6452767848968506,
          -0.3560242354869841,
          0,
          -0.25418200749390407,
          0.24932932728881269,
          0.9344659930815884,
          0,
          0.6917564405287797,
          0.7221169890830255,
          -0.004508352783987319,
          0,
          0.7515964508056641,
          6.169618606567383,
          -7.695424556732178,
          1
        ],
        "children": [
          "Bone10"
        ],
        "jointName": "Bone09"
      },
      "Bone10": {
        "name": "Bone10",
        "matrix": [
          0.999981164932251,
          -0.0013609677553176878,
          -0.00597020983695984,
          0,
          0.0013237238516014972,
          0.9999796151995615,
          -0.006237819792860905,
          0,
          0.005978578952042516,
          0.006229800795477527,
          0.9999628070256005,
          0,
          7.204397201538086,
          0.0000438690185546875,
          -0.0000457763671875,
          1
        ],
        "jointName": "Bone10"
      },
      "Bone12": {
        "name": "Bone12",
        "matrix": [
          -0.8682470917701726,
          0.25053983926773066,
          -0.42822498083114635,
          0,
          -0.4922239229462272,
          -0.5431198260133647,
          0.6802471801618767,
          0,
          -0.062148470387506684,
          0.8014053768100621,
          0.5948840314541427,
          0,
          -1.5229129791259766,
          -4.381202697753906,
          -6.456593990325928,
          1
        ],
        "children": [
          "Bone13"
        ],
        "jointName": "Bone12"
      },
      "Bone13": {
        "name": "Bone13",
        "matrix": [
          0.9540181159973143,
          0.04058423638343809,
          0.296989381313324,
          0,
          -0.037806263941231176,
          0.9991711988529643,
          -0.015093938388767093,
          0,
          -0.29735571187337695,
          0.003171830657466143,
          0.9547614411107812,
          0,
          6.511783599853516,
          0.0000286102294921875,
          0.00000286102294921875,
          1
        ],
        "jointName": "Bone13"
      },
      "Bone01": {
        "name": "Bone01",
        "matrix": [
          -0.8389977216720581,
          -0.543336033821106,
          0.02946919947862625,
          0,
          -0.5440408185745153,
          0.8386277607647514,
          -0.026886576779904536,
          0,
          -0.01010524318107937,
          -0.038590225601902665,
          -0.9992038009048709,
          0,
          2.928668975830078,
          -4.93731164932251,
          -0.32889509201049805,
          1
        ],
        "children": [
          "Bone02"
        ],
        "jointName": "Bone01"
      },
      "Bip01-LUpArmTwist1": {
        "name": "Bip01-LUpArmTwist1",
        "matrix": [
          0.9999999403953552,
          0.0000004172325134277344,
          0.00000008940696716308595,
          0,
          -0.0000004150755897689764,
          0.9997377395626882,
          -0.022901177421933087,
          0,
          -0.00000009893864103369284,
          0.02290117743752094,
          0.9997377402449602,
          0,
          5.2960357666015625,
          0.00000762939453125,
          0,
          1
        ],
        "jointName": "Bip01-LUpArmTwist1"
      },
      "Bip01-R-Clavicle": {
        "name": "Bip01-R-Clavicle",
        "matrix": [
          -0.33954814076423645,
          -0.5232443213462827,
          -0.7816151976585389,
          0,
          -0.30263014269381777,
          -0.7260242068962626,
          0.6174976473783469,
          0,
          -0.8905739499963479,
          0.4462106264522713,
          0.0881706915695241,
          0,
          -2.2891159057617188,
          0.5633621215820312,
          -1.5152654647827148,
          1
        ],
        "children": [
          "Bip01-R-UpperArm",
          "Bip01-RUpArmTwist"
        ],
        "jointName": "Bip01-R-Clavicle"
      },
      "Bip01-R-UpperArm": {
        "name": "Bip01-R-UpperArm",
        "matrix": [
          0.7167172431945802,
          0.1573276072740555,
          0.6793853640556335,
          0,
          -0.0446509609096246,
          0.9825732641480829,
          -0.1804333644736909,
          0,
          -0.695933111331711,
          0.09898450376989153,
          0.7112520984873537,
          0,
          6.956834316253662,
          -0.00001621246337890625,
          0.000003814697265625,
          1
        ],
        "children": [
          "Bip01-R-Forearm"
        ]
      },
      "Bip01-R-Forearm": {
        "name": "Bip01-R-Forearm",
        "matrix": [
          0.47847092151641823,
          -0.8781033754348757,
          0.00000011920928955078128,
          0,
          0.8781033795612168,
          0.47847092376481754,
          -0.000000059604644775390526,
          0,
          -0.000000004699139006408072,
          0.00000013319716601328367,
          0.9999999403953534,
          0,
          10.592071533203125,
          -0.000034332275390625,
          -0.00000762939453125,
          1
        ],
        "children": [
          "Bip01-R-Hand"
        ],
        "jointName": "Bip01-R-Forearm"
      },
      "Bip01-R-Hand": {
        "name": "Bip01-R-Hand",
        "matrix": [
          0.915593147277832,
          0.3998233079910277,
          -0.042782664299011244,
          0,
          0.10176662970434174,
          -0.12747416598361158,
          0.986607233174735,
          0,
          0.3890149436341154,
          -0.9076848103019927,
          -0.157403167811566,
          0,
          9.287904739379883,
          -0.00002956390380859375,
          0.00000762939453125,
          1
        ],
        "children": [
          "Bip01-R-Finger0",
          "Bip01-R-Finger1",
          "Bip01-R-Finger2",
          "Bip01-R-Finger3",
          "Bip01-R-Finger4",
          "Bone14"
        ],
        "jointName": "Bip01-R-Hand"
      },
      "Bip01-R-Finger0": {
        "name": "Bip01-R-Finger0",
        "matrix": [
          0.587091088294983,
          0.7566953897476194,
          0.2876387834548949,
          0,
          0.7152937074821869,
          -0.31852797522963155,
          -0.6220089956764114,
          0,
          -0.3790502596312882,
          0.5709220288049723,
          -0.7282642317582314,
          0,
          1.6857366561889648,
          1.1524810791015625,
          2.3031468391418457,
          1
        ],
        "children": [
          "Bip01-R-Finger01"
        ],
        "jointName": "Bip01-R-Finger0"
      },
      "Bip01-R-Finger01": {
        "name": "Bip01-R-Finger01",
        "matrix": [
          0.9959043264389038,
          0.09041434526443483,
          0.00000007450580596923831,
          0,
          -0.09041434453355024,
          0.9959043183883453,
          -0.00000006891787052154552,
          0,
          -0.00000008043182329840377,
          0.00000006189921584981482,
          1.0000002384185807,
          0,
          1.2276763916015625,
          -0.0000019073486328125,
          -0.000003814697265625,
          1
        ],
        "children": [
          "Bip01-R-Finger02"
        ],
        "jointName": "Bip01-R-Finger01"
      },
      "Bip01-R-Finger02": {
        "name": "Bip01-R-Finger02",
        "matrix": [
          1,
          0,
          -0.000000029802322387695312,
          0,
          -0.0000000000000017208456881689893,
          1.0000001192092964,
          -0.000000057741999626159555,
          0,
          0.00000002980232594040893,
          0.00000005774199962615909,
          1.0000001192092876,
          0,
          0.9520950317382812,
          -0.000003814697265625,
          0.0000057220458984375,
          1
        ],
        "children": [
          "Bip01-R-Finger0Nub"
        ],
        "jointName": "Bip01-R-Finger02"
      },
      "Bip01-R-Finger0Nub": {
        "name": "Bip01-R-Finger0Nub",
        "matrix": [
          -0.9999998807907101,
          0.0006906092166904245,
          0.00000021606683731079096,
          0,
          -0.0006906092986215411,
          -1.0000000000205254,
          0.0000018980354070660375,
          0,
          0.0000002173776121204241,
          0.0000018978857365534367,
          1.0000002384184168,
          0,
          0.8882255554199219,
          0,
          0.0000019073486328125,
          1
        ]
      },
      "Bip01-R-Finger1": {
        "name": "Bip01-R-Finger1",
        "matrix": [
          0.67914479970932,
          0.7328722476959227,
          0.040756303817033775,
          0,
          -0.7189408978118513,
          0.6753721520133824,
          -0.16430673056305914,
          0,
          -0.1479415003417229,
          0.0822866794988955,
          0.985567215290466,
          0,
          3.7706336975097656,
          -0.17337417602539062,
          1.3427619934082031,
          1
        ],
        "children": [
          "Bip01-R-Finger11"
        ],
        "jointName": "Bip01-R-Finger1"
      },
      "Bip01-L-Finger01": {
        "name": "Bip01-L-Finger01",
        "matrix": [
          0.735731840133667,
          0.6772732138633725,
          0.0000000819563865661621,
          0,
          -0.677273268544534,
          0.7357318995346258,
          -0.00000008195638656616169,
          0,
          -0.00000011580473687988405,
          0.0000000047910509573266855,
          0.9999999403953502,
          0,
          1.2276737689971924,
          0,
          0.000003814697265625,
          1
        ],
        "children": [
          "Bip01-L-Finger02"
        ],
        "jointName": "Bip01-L-Finger01"
      },
      "Bip01-L-Finger02": {
        "name": "Bip01-L-Finger02",
        "matrix": [
          1,
          0.000000000000000000000000000000024651903288156624,
          -0.00000002235174179077148,
          0,
          0.00000000000000033306690738754686,
          1.0000001192092893,
          0.00000001490116119384765,
          0,
          0.000000022351741790771478,
          -0.000000014901159417491025,
          0.9999999999999997,
          0,
          0.9520835876464844,
          -0.0000019073486328125,
          -0.000003814697265625,
          1
        ],
        "children": [
          "Bip01-L-Finger0Nub"
        ],
        "jointName": "Bip01-L-Finger02"
      },
      "Bip01-L-Finger0Nub": {
        "name": "Bip01-L-Finger0Nub",
        "matrix": [
          0.9999998807907104,
          -0.00000008940696716308592,
          0.0000001266598701477051,
          0,
          0.00000008940702406202251,
          0.9999999999999978,
          -0.00000036507844924926456,
          0,
          -0.0000001266598450566616,
          0.0000003650784388131708,
          0.9999999403953468,
          0,
          0.8882255554199219,
          0,
          0,
          1
        ]
      },
      "Bip01-L-Finger1": {
        "name": "Bip01-L-Finger1",
        "matrix": [
          -0.055982142686843615,
          0.994238197803497,
          0.09141398966312408,
          0,
          -0.9874104863842349,
          -0.06869808324946702,
          0.14248260896669923,
          0,
          0.1479415835452864,
          -0.08228663095834113,
          0.9855668573126073,
          0,
          3.7706432342529297,
          -0.17337608337402344,
          -1.3427467346191406,
          1
        ],
        "children": [
          "Bip01-L-Finger11"
        ],
        "jointName": "Bip01-L-Finger1"
      },
      "Bip01-L-Finger11": {
        "name": "Bip01-L-Finger11",
        "matrix": [
          0.08235847949981666,
          0.9966028332710268,
          0,
          0,
          -0.9966027734591416,
          0.0823584745570092,
          0,
          0,
          0,
          0,
          1,
          0,
          1.72711181640625,
          -0.00000095367431640625,
          0,
          1
